

------ SIMULAZIONE DEL 09/03/2026 ALLE ORE 15:48 ------
=== PARAMETRI DI SIMULAZIONE ===
intensità sorgente: 2e+17 fotoni/s
Arricchimento: 0.07
Pressione di funzionamento: 202650 Pa
percentuale di acqua leggera nella miscela: 100.00 % 
RAGGGIO CORE: 120.0 cm
REFLECTOR SIDE: 10.0 cm
REFLECTOR BOTTOM: 15.0 cm
H_CORE: 80.0 cm
R_PIPE (Soglia): 5.0 cm
Geometria PIN (R_FUEL, CLAD, R_WATER): 0.5, 0.05, 1.5 cm
PITCH: 10.65211 cm
Target (R, H, Pos): 2.0, 10.0, 40.0 cm
Settings: 50 batches, 10000 particles, 5 inactive batches
================================

T_WATER [K]  T_FUEL [K]   K_EFF        STD_DEV      EPSILON      P            F            ETA          LEAKAGE_FRACTION K_INF_LEAKAGE
300          300          0.42368      0.00143      1.06121      0.96973      0.22744      1.99575      0.09816      0.42126     
300          350          0.42381      0.00161      1.06075      0.96968      0.22945      1.99417      0.09848      0.42429     
300          400          0.42491      0.00138      1.06107      0.96964      0.22905      1.99431      0.09995      0.42301     
300          450          0.42139      0.00150      1.06162      0.96948      0.22797      1.99546      0.09712      0.42272     
300          500          0.42259      0.00140      1.06151      0.96949      0.22749      1.99689      0.09690      0.42221     
300          550          0.42197      0.00146      1.06115      0.96956      0.22768      1.99462      0.09808      0.42142     
300          600          0.42430      0.00124      1.06072      0.96942      0.22950      1.99622      0.09713      0.42534     
300          650          0.42548      0.00150      1.06090      0.96949      0.22863      1.99704      0.09814      0.42352     
300          700          0.42332      0.00155      1.06081      0.96931      0.22887      1.99459      0.09747      0.42364     
310          300          0.42551      0.00129      1.06045      0.96962      0.23112      1.99543      0.10026      0.42667     
310          350          0.42900      0.00144      1.06030      0.96954      0.23208      1.99570      0.09939      0.42881     
310          400          0.42808      0.00140      1.06005      0.96989      0.23182      1.99672      0.10080      0.42793     
310          450          0.42834      0.00109      1.06043      0.96937      0.23193      1.99523      0.09999      0.42813     
310          500          0.42863      0.00131      1.06086      0.96918      0.23164      1.99453      0.09924      0.42789     
310          550          0.42654      0.00137      1.06067      0.96946      0.23103      1.99272      0.09895      0.42655     
310          600          0.42720      0.00116      1.05973      0.96973      0.23181      1.99368      0.09962      0.42762     
310          650          0.42758      0.00119      1.06124      0.96911      0.23072      1.99697      0.09883      0.42702     
310          700          0.42984      0.00142      1.06012      0.96925      0.23155      1.99545      0.09789      0.42828     
320          300          0.43276      0.00152      1.05948      0.96961      0.23450      1.99561      0.10043      0.43246     
320          350          0.42988      0.00132      1.05987      0.96958      0.23356      1.99197      0.10330      0.42871     
320          400          0.43144      0.00113      1.05979      0.96942      0.23464      1.99565      0.10196      0.43203     
320          450          0.43081      0.00130      1.06008      0.96964      0.23361      1.99680      0.10020      0.43144     
320          500          0.43024      0.00133      1.05970      0.96957      0.23453      1.99477      0.10294      0.43120     
320          550          0.43310      0.00143      1.05949      0.96939      0.23481      1.99315      0.10009      0.43257     
320          600          0.43321      0.00131      1.05973      0.96937      0.23438      1.99661      0.10020      0.43256     
320          650          0.42941      0.00124      1.06025      0.96933      0.23298      1.99569      0.10093      0.42963     
320          700          0.43229      0.00158      1.06002      0.96939      0.23391      1.99400      0.10181      0.43048     
330          300          0.43532      0.00153      1.05955      0.96936      0.23712      1.99365      0.10302      0.43552     
330          350          0.43628      0.00145      1.05935      0.96946      0.23713      1.99445      0.10050      0.43690     
330          400          0.43690      0.00122      1.05978      0.96926      0.23684      1.99564      0.10118      0.43638     
330          450          0.43612      0.00148      1.05918      0.96945      0.23691      1.99380      0.10152      0.43579     
330          500          0.43375      0.00127      1.05947      0.96939      0.23627      1.99562      0.10270      0.43453     
330          550          0.43712      0.00143      1.05939      0.96941      0.23704      1.99510      0.10228      0.43600     
330          600          0.43505      0.00124      1.05987      0.96898      0.23719      1.99496      0.10381      0.43551     
330          650          0.43415      0.00107      1.05924      0.96935      0.23613      1.99414      0.10302      0.43368     
330          700          0.43685      0.00155      1.05927      0.96919      0.23742      1.99341      0.10194      0.43636     
340          300          0.43795      0.00151      1.05964      0.96922      0.23829      1.99511      0.10322      0.43787     
340          350          0.43956      0.00136      1.05871      0.96939      0.23994      1.99375      0.10434      0.43974     
340          400          0.43921      0.00137      1.05917      0.96932      0.23928      1.99391      0.10299      0.43938     
340          450          0.44036      0.00138      1.05847      0.96945      0.23997      1.99272      0.10436      0.43948     
340          500          0.44095      0.00139      1.05869      0.96911      0.24010      1.99516      0.10467      0.44004     
340          550          0.43993      0.00138      1.05871      0.96921      0.24003      1.99567      0.10408      0.44038     
340          600          0.43919      0.00130      1.05887      0.96916      0.24022      1.99278      0.10305      0.44063     
340          650          0.43865      0.00119      1.05901      0.96914      0.23894      1.99300      0.10439      0.43773     
340          700          0.43994      0.00134      1.05898      0.96892      0.23939      1.99443      0.10364      0.43912     
350          300          0.44369      0.00162      1.05879      0.96942      0.24255      1.99088      0.10737      0.44242     
350          350          0.44565      0.00112      1.05845      0.96919      0.24309      1.99356      0.10591      0.44449     
350          400          0.44379      0.00107      1.05860      0.96926      0.24298      1.99245      0.10630      0.44394     
350          450          0.44458      0.00150      1.05841      0.96907      0.24349      1.99389      0.10520      0.44557     
350          500          0.44526      0.00159      1.05856      0.96903      0.24309      1.99383      0.10546      0.44473     
350          550          0.44387      0.00147      1.05831      0.96902      0.24280      1.99284      0.10456      0.44433     
350          600          0.44282      0.00102      1.05872      0.96904      0.24138      1.99162      0.10558      0.44113     
350          650          0.44389      0.00132      1.05853      0.96901      0.24224      1.99104      0.10395      0.44329     
350          700          0.44290      0.00117      1.05841      0.96901      0.24243      1.99421      0.10540      0.44358     


------ SIMULAZIONE DEL 09/03/2026 ALLE ORE 19:34 ------
=== PARAMETRI DI SIMULAZIONE ===
intensità sorgente: 2e+17 fotoni/s
Arricchimento: 0.03
Pressione di funzionamento: 202650 Pa
percentuale di acqua leggera nella miscela: 15.00 % 
RAGGGIO CORE: 120.0 cm
REFLECTOR SIDE: 10.0 cm
REFLECTOR BOTTOM: 15.0 cm
H_CORE: 80.0 cm
R_PIPE (Soglia): 5.0 cm
Geometria PIN (R_FUEL, CLAD, R_WATER): 0.5, 0.05, 1.5 cm
PITCH: 10.65211 cm
Target (R, H, Pos): 2.0, 10.0, 40.0 cm
Settings: 50 batches, 10000 particles, 5 inactive batches
================================

T_WATER [K]  T_FUEL [K]   K_EFF        STD_DEV      EPSILON      P            F            ETA          LEAKAGE_FRACTION K_INF_LEAKAGE
300          300          0.70160      0.00137      1.03899      0.94577      0.57079      1.85055      0.32650      0.69906     
300          350          0.69988      0.00148      1.03939      0.94507      0.57111      1.84979      0.32783      0.69753     
300          400          0.70166      0.00137      1.03917      0.94513      0.57081      1.85074      0.32521      0.70014     
300          450          0.70304      0.00113      1.03922      0.94482      0.57202      1.85014      0.32667      0.69969     
300          500          0.70166      0.00133      1.03914      0.94509      0.57149      1.85012      0.32648      0.69937     
300          550          0.70213      0.00168      1.03906      0.94438      0.57099      1.85100      0.32504      0.70001     
300          600          0.70280      0.00129      1.03893      0.94481      0.57165      1.84990      0.32550      0.70014     
300          650          0.70102      0.00138      1.03915      0.94437      0.57062      1.85050      0.32588      0.69855     
300          700          0.70233      0.00147      1.03918      0.94435      0.57073      1.85017      0.32433      0.70017     
310          300          0.69777      0.00109      1.03927      0.94542      0.57194      1.84984      0.33156      0.69487     
310          350          0.69972      0.00144      1.03945      0.94488      0.57308      1.84968      0.33103      0.69646     
310          400          0.69988      0.00159      1.03937      0.94512      0.57264      1.84974      0.32977      0.69739     
310          450          0.70082      0.00133      1.03920      0.94509      0.57274      1.84978      0.32951      0.69765     
310          500          0.69876      0.00146      1.03952      0.94437      0.57218      1.84912      0.32992      0.69597     
310          550          0.69798      0.00129      1.03927      0.94425      0.57227      1.84974      0.33009      0.69591     
310          600          0.69934      0.00140      1.03929      0.94416      0.57317      1.84932      0.32972      0.69717     
310          650          0.70231      0.00141      1.03883      0.94448      0.57334      1.85046      0.32778      0.69974     
310          700          0.70093      0.00118      1.03920      0.94418      0.57294      1.84882      0.32812      0.69832     
320          300          0.69614      0.00121      1.03943      0.94468      0.57398      1.84990      0.33432      0.69406     
320          350          0.69711      0.00164      1.03952      0.94459      0.57413      1.84957      0.33403      0.69440     
320          400          0.69761      0.00127      1.03927      0.94479      0.57399      1.84942      0.33398      0.69421     
320          450          0.69694      0.00159      1.03948      0.94431      0.57434      1.84929      0.33448      0.69385     
320          500          0.69769      0.00129      1.03948      0.94429      0.57427      1.84927      0.33413      0.69411     
320          550          0.69711      0.00138      1.03961      0.94426      0.57363      1.85037      0.33428      0.69366     
320          600          0.69971      0.00135      1.03927      0.94415      0.57443      1.84965      0.33237      0.69603     
320          650          0.69871      0.00146      1.03935      0.94398      0.57454      1.84921      0.33383      0.69442     
320          700          0.69501      0.00150      1.03960      0.94348      0.57386      1.84905      0.33326      0.69391     
330          300          0.69432      0.00129      1.03972      0.94429      0.57579      1.84960      0.34039      0.68969     
330          350          0.69622      0.00117      1.03965      0.94443      0.57581      1.84934      0.33791      0.69226     
330          400          0.69652      0.00127      1.03966      0.94423      0.57612      1.84967      0.33715      0.69342     
330          450          0.69637      0.00133      1.03997      0.94367      0.57584      1.84936      0.33735      0.69255     
330          500          0.69645      0.00138      1.03952      0.94405      0.57647      1.84925      0.33732      0.69327     
330          550          0.69756      0.00136      1.03969      0.94397      0.57642      1.84856      0.33705      0.69329     
330          600          0.69675      0.00139      1.03943      0.94380      0.57641      1.84871      0.33681      0.69328     
330          650          0.69598      0.00130      1.03974      0.94317      0.57619      1.84938      0.33723      0.69258     
330          700          0.69495      0.00128      1.03973      0.94293      0.57582      1.84911      0.33732      0.69176     
340          300          0.69135      0.00179      1.04022      0.94349      0.57839      1.84847      0.34320      0.68918     
340          350          0.69271      0.00123      1.03996      0.94376      0.57819      1.84839      0.34164      0.69057     
340          400          0.69189      0.00152      1.04029      0.94295      0.57709      1.84899      0.34204      0.68868     
340          450          0.69294      0.00121      1.03989      0.94333      0.57810      1.84902      0.34279      0.68912     
340          500          0.69142      0.00129      1.04003      0.94365      0.57823      1.84894      0.34346      0.68888     
340          550          0.69500      0.00128      1.03988      0.94319      0.57834      1.84971      0.34110      0.69133     
340          600          0.68973      0.00137      1.03998      0.94290      0.57699      1.84777      0.34137      0.68856     
340          650          0.69269      0.00123      1.04004      0.94308      0.57795      1.84844      0.34176      0.68973     
340          700          0.69251      0.00160      1.04012      0.94317      0.57770      1.84837      0.34131      0.68999     
350          300          0.69028      0.00138      1.04007      0.94326      0.58019      1.84881      0.34748      0.68668     
350          350          0.69047      0.00156      1.04032      0.94320      0.58027      1.84860      0.34721      0.68709     
