

------ SIMULAZIONE DEL 09/03/2026 ALLE ORE 14:30 ------
=== PARAMETRI DI SIMULAZIONE ===
intensità sorgente: 2e+17 fotoni/s
Arricchimento: 0.07
Pressione di funzionamento: 15000000.0 Pa
percentuale di acqua leggera nella miscela: 100.00 % 
RAGGGIO CORE: 120.0 cm
REFLECTOR SIDE: 10.0 cm
REFLECTOR BOTTOM: 15.0 cm
H_CORE: 80.0 cm
R_PIPE (Soglia): 5.0 cm
Geometria PIN (R_FUEL, CLAD, R_WATER): 0.5, 0.05, 1.5 cm
PITCH: 10.65211 cm
Target (R, H, Pos): 2.0, 10.0, 40.0 cm
Settings: 50 batches, 10000 particles, 5 inactive batches
================================

T_WATER [K]  T_FUEL [K]   K_EFF        STD_DEV      EPSILON      P            F            ETA          LEAKAGE_FRACTION K_INF_LEAKAGE
300          300          0.42262      0.00114      1.06087      0.96963      0.22776      1.99759      0.09694      0.42264     
300          350          0.42322      0.00148      1.06105      0.96963      0.22836      1.99812      0.09706      0.42388     
300          400          0.42313      0.00132      1.06126      0.96986      0.22782      1.99599      0.09572      0.42323     
300          450          0.42176      0.00141      1.06120      0.96983      0.22712      1.99590      0.09877      0.42046     
300          500          0.42163      0.00100      1.06140      0.96963      0.22691      1.99661      0.09810      0.42052     
300          550          0.41946      0.00139      1.06170      0.96951      0.22671      1.99729      0.09758      0.42060     
300          600          0.42062      0.00139      1.06109      0.96972      0.22668      1.99611      0.09617      0.42081     
300          650          0.42240      0.00102      1.06118      0.96948      0.22732      1.99770      0.09576      0.42245     
300          700          0.42233      0.00119      1.06098      0.96981      0.22771      1.99610      0.09698      0.42234     
310          300          0.42502      0.00134      1.06060      0.96974      0.22957      1.99678      0.09919      0.42469     
310          350          0.42819      0.00146      1.06004      0.96990      0.23206      1.99591      0.09867      0.42922     
310          400          0.42883      0.00122      1.06024      0.96962      0.23141      1.99670      0.09682      0.42901     
310          450          0.42376      0.00168      1.06055      0.96969      0.22968      1.99333      0.09947      0.42401     
310          500          0.42619      0.00152      1.06072      0.96969      0.22993      1.99585      0.09868      0.42543     
310          550          0.42582      0.00134      1.06063      0.96965      0.22997      1.99456      0.09757      0.42571     
310          600          0.42647      0.00141      1.06094      0.96955      0.22967      1.99681      0.09704      0.42596     
310          650          0.42526      0.00145      1.06054      0.96955      0.22905      1.99368      0.09712      0.42396     
310          700          0.42526      0.00131      1.06064      0.96923      0.23004      1.99594      0.09943      0.42507     
320          300          0.43057      0.00149      1.06023      0.96938      0.23322      1.99565      0.10076      0.43014     
320          350          0.42972      0.00150      1.06005      0.96978      0.23303      1.99504      0.10098      0.42967     
320          400          0.42826      0.00141      1.06029      0.96956      0.23215      1.99380      0.10044      0.42803     
320          450          0.42939      0.00125      1.05961      0.96968      0.23302      1.99434      0.10020      0.42966     
320          500          0.42958      0.00120      1.06018      0.96939      0.23203      1.99556      0.09984      0.42835     
320          550          0.42971      0.00110      1.05986      0.96944      0.23284      1.99476      0.09920      0.42988     
320          600          0.42832      0.00146      1.06061      0.96913      0.23268      1.99500      0.10059      0.42913     
320          650          0.42838      0.00155      1.06000      0.96951      0.23208      1.99283      0.10059      0.42749     
320          700          0.43131      0.00143      1.05990      0.96953      0.23248      1.99472      0.09885      0.42943     
330          300          0.43086      0.00120      1.06014      0.96940      0.23518      1.99318      0.10194      0.43262     
330          350          0.43401      0.00132      1.05937      0.96956      0.23574      1.99726      0.10189      0.43434     
330          400          0.43334      0.00142      1.05961      0.96961      0.23496      1.99569      0.10316      0.43207     
330          450          0.43440      0.00131      1.05951      0.96946      0.23482      1.99696      0.10067      0.43317     
330          500          0.43387      0.00125      1.05957      0.96939      0.23520      1.99536      0.09993      0.43388     
330          550          0.43170      0.00154      1.05995      0.96920      0.23442      1.99360      0.10262      0.43084     
330          600          0.43313      0.00164      1.05911      0.96957      0.23500      1.99516      0.10113      0.43278     
330          650          0.43248      0.00134      1.05934      0.96951      0.23517      1.99249      0.10304      0.43166     
330          700          0.43315      0.00099      1.06026      0.96910      0.23472      1.99542      0.09964      0.43329     
340          300          0.43701      0.00122      1.05905      0.96966      0.23774      1.99342      0.10369      0.43622     
340          350          0.43803      0.00114      1.05900      0.96939      0.23803      1.99544      0.10060      0.43855     
340          400          0.43943      0.00133      1.05936      0.96936      0.23850      1.99608      0.10290      0.43856     
340          450          0.43719      0.00124      1.05909      0.96924      0.23818      1.99519      0.10189      0.43810     
340          500          0.43806      0.00114      1.05927      0.96929      0.23882      1.99305      0.10231      0.43871     
340          550          0.43859      0.00153      1.05882      0.96929      0.23911      1.99246      0.10315      0.43851     
340          600          0.43766      0.00141      1.05910      0.96927      0.23818      1.99550      0.10328      0.43751     
340          650          0.43478      0.00121      1.05934      0.96907      0.23704      1.99276      0.10343      0.43477     
340          700          0.43568      0.00126      1.05881      0.96940      0.23841      1.99210      0.10271      0.43740     
350          300          0.44131      0.00142      1.05843      0.96965      0.24158      1.99291      0.10471      0.44237     
350          350          0.44080      0.00125      1.05877      0.96917      0.24079      1.99495      0.10549      0.44091     
350          400          0.44312      0.00140      1.05858      0.96934      0.24179      1.99439      0.10382      0.44344     
350          450          0.43988      0.00112      1.05893      0.96930      0.24053      1.99254      0.10626      0.43965     
350          500          0.44002      0.00134      1.05854      0.96908      0.24074      1.99360      0.10531      0.44049     
350          550          0.44364      0.00123      1.05871      0.96927      0.24105      1.99605      0.10347      0.44266     
350          600          0.44018      0.00133      1.05943      0.96898      0.23988      1.99402      0.10529      0.43933     
350          650          0.43980      0.00120      1.05878      0.96915      0.24068      1.99305      0.10447      0.44079     
350          700          0.44028      0.00113      1.05925      0.96888      0.23972      1.99500      0.10301      0.44026     


------ SIMULAZIONE DEL 09/03/2026 ALLE ORE 17:40 ------
=== PARAMETRI DI SIMULAZIONE ===
intensità sorgente: 2e+17 fotoni/s
Arricchimento: 0.05
Pressione di funzionamento: 15000000.0 Pa
percentuale di acqua leggera nella miscela: 15.00 % 
RAGGGIO CORE: 120.0 cm
REFLECTOR SIDE: 10.0 cm
REFLECTOR BOTTOM: 15.0 cm
H_CORE: 80.0 cm
R_PIPE (Soglia): 5.0 cm
Geometria PIN (R_FUEL, CLAD, R_WATER): 0.5, 0.05, 1.5 cm
PITCH: 10.65211 cm
Target (R, H, Pos): 2.0, 10.0, 40.0 cm
Settings: 50 batches, 10000 particles, 5 inactive batches
================================

T_WATER [K]  T_FUEL [K]   K_EFF        STD_DEV      EPSILON      P            F            ETA          LEAKAGE_FRACTION K_INF_LEAKAGE
300          300          0.85626      0.00136      1.04137      0.94160      0.64177      1.94181      0.30049      0.85477     
300          350          0.85890      0.00176      1.04127      0.94176      0.64292      1.94165      0.30053      0.85626     
300          400          0.85832      0.00165      1.04132      0.94145      0.64270      1.94206      0.29978      0.85682     
300          450          0.86091      0.00189      1.04130      0.94165      0.64227      1.94244      0.29895      0.85758     
300          500          0.86031      0.00201      1.04142      0.94096      0.64341      1.94215      0.30013      0.85702     
300          550          0.86215      0.00152      1.04111      0.94126      0.64310      1.94282      0.29894      0.85837     
300          600          0.85843      0.00184      1.04144      0.94102      0.64315      1.94121      0.30005      0.85641     
300          650          0.86148      0.00164      1.04142      0.94100      0.64280      1.94258      0.29866      0.85822     
300          700          0.86086      0.00159      1.04121      0.94084      0.64303      1.94120      0.29872      0.85752     
310          300          0.85638      0.00168      1.04153      0.94154      0.64418      1.94203      0.30338      0.85462     
310          350          0.85849      0.00149      1.04159      0.94129      0.64463      1.94213      0.30342      0.85502     
310          400          0.85877      0.00189      1.04165      0.94129      0.64377      1.94212      0.30194      0.85575     
310          450          0.85939      0.00170      1.04157      0.94086      0.64502      1.94158      0.30396      0.85424     
310          500          0.85438      0.00228      1.04166      0.94055      0.64372      1.94198      0.30416      0.85223     
310          550          0.85883      0.00169      1.04134      0.94052      0.64471      1.94169      0.30300      0.85454     
310          600          0.85871      0.00173      1.04129      0.94067      0.64513      1.94162      0.30245      0.85584     
310          650          0.86132      0.00156      1.04125      0.94060      0.64487      1.94091      0.30093      0.85696     
310          700          0.85973      0.00140      1.04142      0.94051      0.64423      1.94189      0.30194      0.85535     
320          300          0.85536      0.00147      1.04187      0.94045      0.64680      1.94157      0.30812      0.85134     
320          350          0.85694      0.00153      1.04148      0.94058      0.64580      1.94213      0.30554      0.85323     
320          400          0.85469      0.00143      1.04203      0.94072      0.64615      1.94104      0.30791      0.85088     
320          450          0.85774      0.00122      1.04166      0.94094      0.64676      1.94176      0.30640      0.85377     
320          500          0.85820      0.00170      1.04161      0.94039      0.64700      1.94175      0.30621      0.85375     
320          550          0.85615      0.00138      1.04177      0.94024      0.64628      1.94185      0.30594      0.85319     
320          600          0.85591      0.00152      1.04188      0.94028      0.64682      1.94146      0.30738      0.85209     
320          650          0.85688      0.00129      1.04191      0.93987      0.64671      1.94095      0.30574      0.85338     
320          700          0.85841      0.00176      1.04180      0.93990      0.64706      1.94135      0.30541      0.85436     
330          300          0.85442      0.00157      1.04151      0.94086      0.64825      1.94189      0.31002      0.85112     
330          350          0.85610      0.00155      1.04180      0.94086      0.64867      1.94157      0.31051      0.85117     
330          400          0.85416      0.00170      1.04189      0.94055      0.64868      1.94069      0.31040      0.85072     
330          450          0.85391      0.00137      1.04185      0.94056      0.64934      1.94162      0.30955      0.85303     
330          500          0.85526      0.00162      1.04181      0.94009      0.64990      1.94109      0.30978      0.85278     
330          550          0.85667      0.00188      1.04177      0.93981      0.64886      1.94152      0.30898      0.85231     
330          600          0.85416      0.00165      1.04161      0.93975      0.64853      1.94104      0.30898      0.85148     
330          650          0.85616      0.00130      1.04206      0.93950      0.64857      1.94150      0.30874      0.85217     
330          700          0.85633      0.00172      1.04217      0.93919      0.64908      1.94091      0.30758      0.85383     
340          300          0.85190      0.00147      1.04206      0.94034      0.65045      1.94086      0.31364      0.84905     
340          350          0.85328      0.00148      1.04199      0.94032      0.65102      1.94167      0.31320      0.85062     
340          400          0.85124      0.00154      1.04217      0.93957      0.65072      1.94123      0.31429      0.84816     
340          450          0.85586      0.00160      1.04197      0.93942      0.65106      1.94128      0.31214      0.85100     
340          500          0.85205      0.00180      1.04209      0.93968      0.65092      1.94020      0.31334      0.84919     
340          550          0.85236      0.00180      1.04210      0.93977      0.65068      1.94155      0.31217      0.85100     
340          600          0.85297      0.00173      1.04214      0.93903      0.65060      1.94064      0.31308      0.84874     
340          650          0.85210      0.00159      1.04192      0.93967      0.65072      1.94096      0.31411      0.84816     
340          700          0.85331      0.00160      1.04196      0.93962      0.65137      1.94035      0.31257      0.85063     
350          300          0.85014      0.00164      1.04261      0.93951      0.65242      1.94135      0.31691      0.84749     
350          350          0.84937      0.00172      1.04241      0.93959      0.65329      1.94159      0.31745      0.84796     
350          400          0.85094      0.00152      1.04213      0.93932      0.65275      1.94091      0.31649      0.84768     
350          450          0.84897      0.00124      1.04244      0.93884      0.65246      1.94130      0.31796      0.84546     
350          500          0.85266      0.00161      1.04242      0.93858      0.65288      1.94152      0.31529      0.84916     
350          550          0.84922      0.00157      1.04254      0.93854      0.65347      1.94034      0.31611      0.84847     
350          600          0.85085      0.00161      1.04234      0.93886      0.65320      1.94047      0.31699      0.84721     
350          650          0.85052      0.00164      1.04254      0.93832      0.65353      1.94009      0.31734      0.84671     
350          700          0.84931      0.00141      1.04248      0.93830      0.65292      1.93999      0.31616      0.84726     
