------ SIMULAZIONE DEL 23/02/2026 ALLE ORE 23:38 ------
=== PARAMETRI DI SIMULAZIONE ===
Arricchimento: 0.05
RAGGGIO CORE: 40.0 cm
REFLECTOR SIDE: 10.0 cm
REFLECTOR BOTTOM: 15.0 cm
H_CORE: 80.0 cm
mix acqua: 0.15
R_PIPE (Soglia): 5 cm
Geometria PIN (R_FUEL, CLAD, R_WATER): 0.5, 0.05, 1.5 cm
PITCH: 3.55070 cm
Target (R, H, Pos): 2, 10.0, 40.0 cm
Settings: 250 batches, 10000 particles, 20 inactive batches
================================

T_WATER [K]  T_FUEL [K]   K_EFF        STD_DEV     
300          300          0.98570      0.00074     
300          350          0.98510      0.00070     
300          400          0.98456      0.00065     
300          450          0.98309      0.00067     
300          500          0.98323      0.00070     
300          550          0.98115      0.00069     
300          600          0.98075      0.00064     
300          650          0.97902      0.00066     
300          700          0.98042      0.00067     
300          750          0.97867      0.00067     
300          800          0.97989      0.00067     
300          850          0.97857      0.00069     
300          900          0.97675      0.00068     
300          950          0.97534      0.00069     
300          1000         0.97634      0.00068     
300          1050         0.97511      0.00069     
300          1100         0.97459      0.00065     
300          1150         0.97401      0.00067     
300          1200         0.97451      0.00066     
300          1250         0.97315      0.00075     
300          1300         0.97298      0.00070     
300          1350         0.97240      0.00065     
300          1400         0.97209      0.00063     
300          1450         0.97293      0.00067     
350          300          0.98244      0.00066     
350          350          0.98204      0.00069     
350          400          0.97957      0.00059     
350          450          0.97917      0.00064     
350          500          0.97917      0.00066     
350          550          0.97703      0.00062     
350          600          0.97592      0.00070     
350          650          0.97741      0.00069     
350          700          0.97755      0.00066     
350          750          0.97424      0.00066     
350          800          0.97419      0.00063     
350          850          0.97364      0.00070     
350          900          0.97237      0.00064     
350          950          0.97270      0.00070     
350          1000         0.97128      0.00065     
350          1050         0.97163      0.00069     
350          1100         0.97034      0.00071     
350          1150         0.97135      0.00066     
350          1200         0.97025      0.00066     
350          1250         0.96931      0.00068     
350          1300         0.96784      0.00069     
350          1350         0.96704      0.00067     
350          1400         0.96849      0.00073     
350          1450         0.96724      0.00064     
400          300          0.97811      0.00066     
400          350          0.97776      0.00068     
400          400          0.97530      0.00066     
400          450          0.97556      0.00072     
400          500          0.97435      0.00071     
400          550          0.97300      0.00071     
400          600          0.97414      0.00066     
400          650          0.97191      0.00065     
400          700          0.97236      0.00067     
400          750          0.97018      0.00072     
400          800          0.97059      0.00063     
400          850          0.97013      0.00071     
400          900          0.96862      0.00069     
400          950          0.96839      0.00068     
400          1000         0.96876      0.00065     
400          1050         0.96706      0.00065     
400          1100         0.96687      0.00058     
400          1150         0.96539      0.00069     
400          1200         0.96503      0.00068     
400          1250         0.96613      0.00069     
400          1300         0.96622      0.00067     
400          1350         0.96250      0.00075     
400          1400         0.96306      0.00065     
400          1450         0.96267      0.00067     
450          300          0.97347      0.00068     
450          350          0.97221      0.00064     
450          400          0.97239      0.00067     
450          450          0.97044      0.00066     
450          500          0.97062      0.00064     
450          550          0.96949      0.00067     
450          600          0.96919      0.00071     
450          650          0.96806      0.00070     
450          700          0.96858      0.00065     
450          750          0.96747      0.00067     
450          800          0.96762      0.00064     
450          850          0.96662      0.00070     
450          900          0.96496      0.00065     
450          950          0.96541      0.00070     
450          1000         0.96470      0.00068     
450          1050         0.96304      0.00064     
450          1100         0.96095      0.00069     
450          1150         0.96147      0.00056     
450          1200         0.96231      0.00069     
450          1250         0.96299      0.00068     
450          1300         0.96035      0.00067     
450          1350         0.96034      0.00070     
450          1400         0.96076      0.00071     
450          1450         0.96091      0.00065     
500          300          0.97066      0.00066     
500          350          0.97069      0.00066     
500          400          0.96767      0.00072     
500          450          0.96844      0.00071     
500          500          0.96721      0.00063     
500          550          0.96633      0.00066     
500          600          0.96443      0.00065     
500          650          0.96410      0.00069     
500          700          0.96379      0.00067     
500          750          0.96225      0.00066     
500          800          0.96301      0.00070     
500          850          0.96240      0.00070     
500          900          0.96127      0.00063     
500          950          0.96048      0.00065     
500          1000         0.96069      0.00063     
500          1050         0.95963      0.00070     
500          1100         0.95961      0.00066     
500          1150         0.95794      0.00066     
500          1200         0.95818      0.00066     
500          1250         0.95819      0.00069     
500          1300         0.95731      0.00070     
500          1350         0.95797      0.00061     
500          1400         0.95682      0.00065     
500          1450         0.95578      0.00065     
550          300          0.96688      0.00064     
550          350          0.96609      0.00069     
550          400          0.96539      0.00060     
550          450          0.96468      0.00067     
550          500          0.96310      0.00068     
550          550          0.96121      0.00064     
550          600          0.96254      0.00061     
550          650          0.96174      0.00067     
550          700          0.96094      0.00066     
550          750          0.96005      0.00069     
550          800          0.95963      0.00068     
550          850          0.95938      0.00072     
550          900          0.95867      0.00062     
550          950          0.95849      0.00065     
550          1000         0.95681      0.00064     
550          1050         0.95600      0.00060     
550          1100         0.95614      0.00067     
550          1150         0.95443      0.00063     
550          1200         0.95522      0.00070     
550          1250         0.95501      0.00067     
550          1300         0.95336      0.00064     
550          1350         0.95363      0.00070     
550          1400         0.95215      0.00068     
550          1450         0.95139      0.00066     
600          300          0.96262      0.00063     
600          350          0.96143      0.00067     
600          400          0.96220      0.00063     
600          450          0.96069      0.00072     
600          500          0.96159      0.00063     
600          550          0.95952      0.00066     
600          600          0.96022      0.00068     
600          650          0.95920      0.00063     
600          700          0.95620      0.00066     
600          750          0.95659      0.00065     
600          800          0.95600      0.00065     
600          850          0.95559      0.00063     
600          900          0.95425      0.00062     
600          950          0.95398      0.00065     
600          1000         0.95444      0.00070     
600          1050         0.95226      0.00070     
600          1100         0.95167      0.00065     
600          1150         0.95334      0.00067     
600          1200         0.95116      0.00061     
600          1250         0.95006      0.00064     
600          1300         0.95015      0.00065     
600          1350         0.95017      0.00072     
600          1400         0.94932      0.00066     
600          1450         0.94829      0.00065     
