------ SIMULAZIONE DEL 10/04/2026 ALLE ORE 20:13 ------
=== PARAMETRI CONVERGENTI / MIGLIORI ===
Pres [Atm]   moltiplicatore  PERC_water   Arricch. INT Arricch. EXTT_WATER [K]  T_FUEL [K]   K_max        std_k_max    K_auto       std_k_auto   Compatibilità
1            0.500           0.15         98.730       20           350          600          0.94267      0.00050      0.94265      0.00012      0.03182     
1            0.750           0.15         20.628       20           350          600          0.96559      0.00027      0.96555      0.00014      0.14467     
1            0.375           0.15         73.517       50           350          600          0.93168      0.00067      0.93149      0.00012      0.28335     
1            0.250           0.15         9.933        100          350          600          0.96997      0.00080      0.97022      0.00010      0.31155     
1            1.500           0.15         1.610        5            350          600          0.98296      0.00017      0.98296      0.00014      0.00825     
1            2.000           0.15         3.110        5            350          600          0.98511      0.00016      0.98491      0.00015      0.92788     
1            2.500           0.15         6.380        5            350          600          0.98647      0.00018      0.98682      0.00014      1.54116     
1            0.225           0.15         83.066       100          350          600          0.97134      0.00100      0.97121      0.00011      0.12776     
1            0.200           0.15         100.000      100          350          600          0.97034      0.00125      0.84017      0.00010      103.77254   
1            0.625           0.15         72.075       20           350          600          0.95520      0.00035      0.95545      0.00013      0.67552     
1            1.250           0.15         0.000        10           350          600          0.98015      0.00017      1.04820      0.00015      298.75431   
