1            4.000           0.15         42.835       8            350          600          0.98942      0.00041      0.99036      0.00015      2.14774     
1            4.000           0.15         39.149       11           350          600          0.98942      0.00041      0.98981      0.00017      0.87791     
1            4.000           0.15         35.948       14           350          600          0.98942      0.00041      0.98990      0.00019      1.06338     
1            4.000           0.15         32.734       17           350          600          0.98942      0.00041      0.98978      0.00017      0.80536     
1            4.000           0.15         29.556       20           350          600          0.98942      0.00041      0.98991      0.00015      1.13159     
1            4.000           0.15         26.381       23           350          600          0.98942      0.00041      0.98921      0.00015      0.48500     
1            4.000           0.15         23.518       26           350          600          0.98942      0.00041      0.98976      0.00015      0.77883     
1            4.000           0.15         20.515       29           350          600          0.98942      0.00041      0.98946      0.00016      0.08692     
1            4.000           0.15         17.636       32           350          600          0.98942      0.00041      0.98942      0.00015      0.00089     
1            4.000           0.15         14.747       35           350          600          0.98942      0.00041      0.98916      0.00015      0.58415     
1            4.000           0.15         12.187       38           350          600          0.98942      0.00041      0.98987      0.00015      1.03356     
1            4.000           0.15         46.214       5            350          600          0.98942      0.00041      0.99030      0.00015      2.02514     
