------ SIMULAZIONE DEL 21/04/2026 ALLE ORE 18:23 ------
=== PARAMETRI DI SIMULAZIONE ===
Pres [Atm]   moltiplicatore  PERC_water   Arricch. INT Arricch. EXTT_WATER [K]  T_FUEL [K]   K_max        std_k_max    K_auto       std_k_auto   Compatibilità
1            4.000           0.15         44.317       6.5            350          600          0.98942      0.00041      0.98978      0.00016      0.81255     
1            4.000           0.15         40.340       9.5           350          600          0.98942      0.00041      0.98981      0.00016      0.87924     
1            4.000           0.15         36.908       12.5           350          600          0.98942      0.00041      0.98949      0.00016      0.16687     
1            4.000           0.15         33.565       15.5           350          600          0.98942      0.00041      0.98918      0.00014      0.55748     
1            4.000           0.15         30.492       18.5           350          600          0.98942      0.00041      0.98945      0.00016      0.06642     
1            4.000           0.15         27.361       21.5           350          600          0.98942      0.00041      0.98937      0.00016      0.11487     
1            4.000           0.15         24.495       24.5           350          600          0.98942      0.00041      0.98959      0.00015      0.39839     
1            4.000           0.15         21.502       27.5           350          600          0.98942      0.00041      0.98939      0.00016      0.05818     
