1000000.000 0.0120109478
1036036.036 0.0116718528
1072072.072 0.0113519444
1108108.108 0.0110495504
1144144.144 0.0107631923
1180180.180 0.0104915584
1216216.216 0.0102334799
1252252.252 0.0099879122
1288288.288 0.0097539179
1324324.324 0.0095306541
1360360.360 0.0093173596
1396396.396 0.0091133460
1432432.432 0.0089179883
1468468.468 0.0087307181
1504504.505 0.0085510171
1540540.541 0.0083784117
1576576.577 0.0082124681
1612612.613 0.0080527879
1648648.649 0.0078990052
1684684.685 0.0077507827
1720720.721 0.0076078088
1756756.757 0.0074697959
1792792.793 0.0073364773
1828828.829 0.0072076059
1864864.865 0.0070829518
1900900.901 0.0069623014
1936936.937 0.0068454558
1972972.973 0.0067322291
2009009.009 0.0066224480
2045045.045 0.0065159502
2081081.081 0.0064125839
2117117.117 0.0063122066
2153153.153 0.0062146848
2189189.189 0.0061198929
2225225.225 0.0060277128
2261261.261 0.0059380333
2297297.297 0.0058507498
2333333.333 0.0057657634
2369369.369 0.0056829808
2405405.405 0.0056023138
2441441.441 0.0055236792
2477477.477 0.0054469979
2513513.514 0.0053721952
2549549.550 0.0052992003
2585585.586 0.0052279458
2621621.622 0.0051583679
2657657.658 0.0050904060
2693693.694 0.0050240023
2729729.730 0.0049591019
2765765.766 0.0048956525
2801801.802 0.0048336044
2837837.838 0.0047729100
2873873.874 0.0047135241
2909909.910 0.0046554034
2945945.946 0.0045985066
2981981.982 0.0045427943
3018018.018 0.0044882286
3054054.054 0.0044347735
3090090.090 0.0043823945
3126126.126 0.0043310584
3162162.162 0.0042807336
3198198.198 0.0042313895
3234234.234 0.0041829972
3270270.270 0.0041355285
3306306.306 0.0040889566
3342342.342 0.0040432557
3378378.378 0.0039984011
3414414.414 0.0039543689
3450450.450 0.0039111361
3486486.486 0.0038686808
3522522.523 0.0038269817
3558558.559 0.0037860183
3594594.595 0.0037457711
3630630.631 0.0037062209
3666666.667 0.0036673497
3702702.703 0.0036291396
3738738.739 0.0035915737
3774774.775 0.0035546356
3810810.811 0.0035183095
3846846.847 0.0034825801
3882882.883 0.0034474325
3918918.919 0.0034128524
3954954.955 0.0033788262
3990990.991 0.0033453405
4027027.027 0.0033123822
4063063.063 0.0032799390
4099099.099 0.0032479988
4135135.135 0.0032165498
4171171.171 0.0031855807
4207207.207 0.0031550806
4243243.243 0.0031250388
4279279.279 0.0030954450
4315315.315 0.0030662893
4351351.351 0.0030375618
4387387.387 0.0030092534
4423423.423 0.0029813547
4459459.459 0.0029538570
4495495.495 0.0029267517
4531531.532 0.0029000305
4567567.568 0.0028736852
4603603.604 0.0028477080
4639639.640 0.0028220913
4675675.676 0.0027968276
4711711.712 0.0027719098
4747747.748 0.0027473307
4783783.784 0.0027230836
4819819.820 0.0026991619
4855855.856 0.0026755591
4891891.892 0.0026522689
4927927.928 0.0026292852
4963963.964 0.0026066020
5000000.000 0.0025842136
5036036.036 0.0025621144
5072072.072 0.0025402987
5108108.108 0.0025187613
5144144.144 0.0024974970
5180180.180 0.0024765007
5216216.216 0.0024557674
5252252.252 0.0024352922
5288288.288 0.0024150706
5324324.324 0.0023950978
5360360.360 0.0023753695
5396396.396 0.0023558811
5432432.432 0.0023366286
5468468.468 0.0023176077
5504504.505 0.0022988143
5540540.541 0.0022802445
5576576.577 0.0022618944
5612612.613 0.0022437603
5648648.649 0.0022258384
5684684.685 0.0022081251
5720720.721 0.0021906170
5756756.757 0.0021733105
5792792.793 0.0021562024
5828828.829 0.0021392892
5864864.865 0.0021225679
5900900.901 0.0021060352
5936936.937 0.0020896881
5972972.973 0.0020735236
6009009.009 0.0020575387
6045045.045 0.0020417306
6081081.081 0.0020260964
6117117.117 0.0020106335
6153153.153 0.0019953391
6189189.189 0.0019802105
6225225.225 0.0019652452
6261261.261 0.0019504407
6297297.297 0.0019357945
6333333.333 0.0019213042
6369369.369 0.0019069674
6405405.405 0.0018927817
6441441.441 0.0018787450
6477477.477 0.0018648549
6513513.514 0.0018511093
6549549.550 0.0018375061
6585585.586 0.0018240431
6621621.622 0.0018107184
6657657.658 0.0017975298
6693693.694 0.0017844754
6729729.730 0.0017715533
6765765.766 0.0017587616
6801801.802 0.0017460983
6837837.838 0.0017335618
6873873.874 0.0017211501
6909909.910 0.0017088616
6945945.946 0.0016966945
6981981.982 0.0016846472
7018018.018 0.0016727179
7054054.054 0.0016609050
7090090.090 0.0016492069
7126126.126 0.0016376222
7162162.162 0.0016261491
7198198.198 0.0016147863
7234234.234 0.0016035322
7270270.270 0.0015923853
7306306.306 0.0015813444
7342342.342 0.0015704078
7378378.378 0.0015595743
7414414.414 0.0015488425
7450450.450 0.0015382111
7486486.486 0.0015276787
7522522.523 0.0015172442
7558558.559 0.0015069061
7594594.595 0.0014966633
7630630.631 0.0014865145
7666666.667 0.0014764586
7702702.703 0.0014664944
7738738.739 0.0014566207
7774774.775 0.0014468363
7810810.811 0.0014371402
7846846.847 0.0014275313
7882882.883 0.0014180085
7918918.919 0.0014085706
7954954.955 0.0013992167
7990990.991 0.0013899458
8027027.027 0.0013807567
8063063.063 0.0013716486
8099099.099 0.0013626205
8135135.135 0.0013536713
8171171.171 0.0013448001
8207207.207 0.0013360061
8243243.243 0.0013272882
8279279.279 0.0013186456
8315315.315 0.0013100774
8351351.351 0.0013015827
8387387.387 0.0012931606
8423423.423 0.0012848104
8459459.459 0.0012765311
8495495.495 0.0012683220
8531531.532 0.0012601822
8567567.568 0.0012521109
8603603.604 0.0012441074
8639639.640 0.0012361708
8675675.676 0.0012283005
8711711.712 0.0012204957
8747747.748 0.0012127555
8783783.784 0.0012050794
8819819.820 0.0011974666
8855855.856 0.0011899163
8891891.892 0.0011824280
8927927.928 0.0011750008
8963963.964 0.0011676342
9000000.000 0.0011603274
9036036.036 0.0011530798
9072072.072 0.0011458908
9108108.108 0.0011387597
9144144.144 0.0011316859
9180180.180 0.0011246688
9216216.216 0.0011177077
9252252.252 0.0011108021
9288288.288 0.0011039514
9324324.324 0.0010971550
9360360.360 0.0010904123
9396396.396 0.0010837227
9432432.432 0.0010770857
9468468.468 0.0010705008
9504504.505 0.0010639673
9540540.541 0.0010574849
9576576.577 0.0010510528
9612612.613 0.0010446706
9648648.649 0.0010383378
9684684.685 0.0010320539
9720720.721 0.0010258184
9756756.757 0.0010196308
9792792.793 0.0010134905
9828828.829 0.0010073972
9864864.865 0.0010013503
9900900.901 0.0009953494
9936936.937 0.0009893940
9972972.973 0.0009834836
10009009.009 0.0009776178
10045045.045 0.0009717962
10081081.081 0.0009660184
10117117.117 0.0009602838
10153153.153 0.0009545921
10189189.189 0.0009489428
10225225.225 0.0009433355
10261261.261 0.0009377699
10297297.297 0.0009322454
10333333.333 0.0009267618
10369369.369 0.0009213186
10405405.405 0.0009159153
10441441.441 0.0009105518
10477477.477 0.0009052275
10513513.514 0.0008999420
10549549.550 0.0008946951
10585585.586 0.0008894863
10621621.622 0.0008843153
10657657.658 0.0008791818
10693693.694 0.0008740853
10729729.730 0.0008690255
10765765.766 0.0008640021
10801801.802 0.0008590147
10837837.838 0.0008540630
10873873.874 0.0008491468
10909909.910 0.0008442655
10945945.946 0.0008394190
10981981.982 0.0008346068
11018018.018 0.0008298288
11054054.054 0.0008250845
11090090.090 0.0008203737
11126126.126 0.0008156960
11162162.162 0.0008110512
11198198.198 0.0008064390
11234234.234 0.0008018590
11270270.270 0.0007973110
11306306.306 0.0007927947
11342342.342 0.0007883097
11378378.378 0.0007838559
11414414.414 0.0007794330
11450450.450 0.0007750406
11486486.486 0.0007706785
11522522.523 0.0007663464
11558558.559 0.0007620441
11594594.595 0.0007577713
11630630.631 0.0007535277
11666666.667 0.0007493132
11702702.703 0.0007451273
11738738.739 0.0007409700
11774774.775 0.0007368409
11810810.811 0.0007327397
11846846.847 0.0007286664
11882882.883 0.0007246205
11918918.919 0.0007206019
11954954.955 0.0007166103
11990990.991 0.0007126456
12027027.027 0.0007087074
12063063.063 0.0007047956
12099099.099 0.0007009099
12135135.135 0.0006970502
12171171.171 0.0006932161
12207207.207 0.0006894075
12243243.243 0.0006856241
12279279.279 0.0006818658
12315315.315 0.0006781323
12351351.351 0.0006744235
12387387.387 0.0006707390
12423423.423 0.0006670788
12459459.459 0.0006634426
12495495.495 0.0006598303
12531531.532 0.0006562415
12567567.568 0.0006526762
12603603.604 0.0006491342
12639639.640 0.0006456151
12675675.676 0.0006421190
12711711.712 0.0006386455
12747747.748 0.0006351945
12783783.784 0.0006317658
12819819.820 0.0006283592
12855855.856 0.0006249745
12891891.892 0.0006216117
12927927.928 0.0006182704
12963963.964 0.0006149505
13000000.000 0.0006116519
13036036.036 0.0006083744
13072072.072 0.0006051178
13108108.108 0.0006018819
13144144.144 0.0005986666
13180180.180 0.0005954717
13216216.216 0.0005922971
13252252.252 0.0005891425
13288288.288 0.0005860079
13324324.324 0.0005828931
13360360.360 0.0005797979
13396396.396 0.0005767222
13432432.432 0.0005736658
13468468.468 0.0005706285
13504504.505 0.0005676103
13540540.541 0.0005646109
13576576.577 0.0005616303
13612612.613 0.0005586682
13648648.649 0.0005557246
13684684.685 0.0005527993
13720720.721 0.0005498921
13756756.757 0.0005470030
13792792.793 0.0005441317
13828828.829 0.0005412781
13864864.865 0.0005384422
13900900.901 0.0005356238
13936936.937 0.0005328226
13972972.973 0.0005300387
14009009.009 0.0005272719
14045045.045 0.0005245220
14081081.081 0.0005217889
14117117.117 0.0005190726
14153153.153 0.0005163728
14189189.189 0.0005136894
14225225.225 0.0005110224
14261261.261 0.0005083715
14297297.297 0.0005057368
14333333.333 0.0005031180
14369369.369 0.0005005150
14405405.405 0.0004979278
14441441.441 0.0004953562
14477477.477 0.0004928001
14513513.514 0.0004902593
14549549.550 0.0004877339
14585585.586 0.0004852235
14621621.622 0.0004827283
14657657.658 0.0004802479
14693693.694 0.0004777824
14729729.730 0.0004753316
14765765.766 0.0004728954
14801801.802 0.0004704738
14837837.838 0.0004680665
14873873.874 0.0004656735
14909909.910 0.0004632947
14945945.946 0.0004609300
14981981.982 0.0004585793
15018018.018 0.0004562425
15054054.054 0.0004539194
15090090.090 0.0004516101
15126126.126 0.0004493144
15162162.162 0.0004470321
15198198.198 0.0004447633
15234234.234 0.0004425077
15270270.270 0.0004402654
15306306.306 0.0004380362
15342342.342 0.0004358200
15378378.378 0.0004336167
15414414.414 0.0004314263
15450450.450 0.0004292486
15486486.486 0.0004270836
15522522.523 0.0004249312
15558558.559 0.0004227913
15594594.595 0.0004206637
15630630.631 0.0004185485
15666666.667 0.0004164455
15702702.703 0.0004143546
15738738.739 0.0004122758
15774774.775 0.0004102090
15810810.811 0.0004081541
15846846.847 0.0004061109
15882882.883 0.0004040795
15918918.919 0.0004020598
15954954.955 0.0004000516
15990990.991 0.0003980549
16027027.027 0.0003960696
16063063.063 0.0003940957
16099099.099 0.0003921330
16135135.135 0.0003901815
16171171.171 0.0003882410
16207207.207 0.0003863116
16243243.243 0.0003843932
16279279.279 0.0003824856
16315315.315 0.0003805889
16351351.351 0.0003787029
16387387.387 0.0003768275
16423423.423 0.0003749627
16459459.459 0.0003731084
16495495.495 0.0003712646
16531531.532 0.0003694312
16567567.568 0.0003676081
16603603.604 0.0003657952
16639639.640 0.0003639924
16675675.676 0.0003621998
16711711.712 0.0003604172
16747747.748 0.0003586446
16783783.784 0.0003568819
16819819.820 0.0003551290
16855855.856 0.0003533859
16891891.892 0.0003516525
16927927.928 0.0003499287
16963963.964 0.0003482145
17000000.000 0.0003465098
17036036.036 0.0003448146
17072072.072 0.0003431288
17108108.108 0.0003414523
17144144.144 0.0003397851
17180180.180 0.0003381271
17216216.216 0.0003364782
17252252.252 0.0003348384
17288288.288 0.0003332077
17324324.324 0.0003315859
17360360.360 0.0003299731
17396396.396 0.0003283691
17432432.432 0.0003267739
17468468.468 0.0003251874
17504504.505 0.0003236097
17540540.541 0.0003220405
17576576.577 0.0003204800
17612612.613 0.0003189279
17648648.649 0.0003173844
17684684.685 0.0003158492
17720720.721 0.0003143224
17756756.757 0.0003128039
17792792.793 0.0003112936
17828828.829 0.0003097916
17864864.865 0.0003082977
17900900.901 0.0003068119
17936936.937 0.0003053341
17972972.973 0.0003038643
18009009.009 0.0003024025
18045045.045 0.0003009486
18081081.081 0.0002995025
18117117.117 0.0002980642
18153153.153 0.0002966336
18189189.189 0.0002952108
18225225.225 0.0002937956
18261261.261 0.0002923879
18297297.297 0.0002909879
18333333.333 0.0002895953
18369369.369 0.0002882102
18405405.405 0.0002868326
18441441.441 0.0002854622
18477477.477 0.0002840992
18513513.514 0.0002827435
18549549.550 0.0002813950
18585585.586 0.0002800537
18621621.622 0.0002787195
18657657.658 0.0002773925
18693693.694 0.0002760724
18729729.730 0.0002747594
18765765.766 0.0002734534
18801801.802 0.0002721543
18837837.838 0.0002708620
18873873.874 0.0002695766
18909909.910 0.0002682980
18945945.946 0.0002670261
18981981.982 0.0002657610
19018018.018 0.0002645025
19054054.054 0.0002632507
19090090.090 0.0002620054
19126126.126 0.0002607667
19162162.162 0.0002595346
19198198.198 0.0002583089
19234234.234 0.0002570896
19270270.270 0.0002558767
19306306.306 0.0002546702
19342342.342 0.0002534699
19378378.378 0.0002522760
19414414.414 0.0002510883
19450450.450 0.0002499068
19486486.486 0.0002487315
19522522.523 0.0002475623
19558558.559 0.0002463992
19594594.595 0.0002452422
19630630.631 0.0002440911
19666666.667 0.0002429461
19702702.703 0.0002418070
19738738.739 0.0002406738
19774774.775 0.0002395465
19810810.811 0.0002384251
19846846.847 0.0002373094
19882882.883 0.0002361995
19918918.919 0.0002350954
19954954.955 0.0002339969
19990990.991 0.0002329042
20027027.027 0.0002318170
20063063.063 0.0002307355
20099099.099 0.0002296596
20135135.135 0.0002285892
20171171.171 0.0002275242
20207207.207 0.0002264648
20243243.243 0.0002254108
20279279.279 0.0002243622
20315315.315 0.0002233190
20351351.351 0.0002222812
20387387.387 0.0002212486
20423423.423 0.0002202214
20459459.459 0.0002191993
20495495.495 0.0002181826
20531531.532 0.0002171710
20567567.568 0.0002161645
20603603.604 0.0002151632
20639639.640 0.0002141670
20675675.676 0.0002131759
20711711.712 0.0002121898
20747747.748 0.0002112088
20783783.784 0.0002102327
20819819.820 0.0002092615
20855855.856 0.0002082953
20891891.892 0.0002073340
20927927.928 0.0002063776
20963963.964 0.0002054260
21000000.000 0.0002044792
21036036.036 0.0002035373
21072072.072 0.0002026000
21108108.108 0.0002016675
21144144.144 0.0002007398
21180180.180 0.0001998166
21216216.216 0.0001988982
21252252.252 0.0001979844
21288288.288 0.0001970751
21324324.324 0.0001961705
21360360.360 0.0001952703
21396396.396 0.0001943748
21432432.432 0.0001934837
21468468.468 0.0001925970
21504504.505 0.0001917148
21540540.541 0.0001908371
21576576.577 0.0001899637
21612612.613 0.0001890947
21648648.649 0.0001882301
21684684.685 0.0001873697
21720720.721 0.0001865137
21756756.757 0.0001856619
21792792.793 0.0001848144
21828828.829 0.0001839711
21864864.865 0.0001831320
21900900.901 0.0001822971
21936936.937 0.0001814663
21972972.973 0.0001806397
22009009.009 0.0001798171
22045045.045 0.0001789987
22081081.081 0.0001781843
22117117.117 0.0001773740
22153153.153 0.0001765676
22189189.189 0.0001757653
22225225.225 0.0001749669
22261261.261 0.0001741725
22297297.297 0.0001733820
22333333.333 0.0001725954
22369369.369 0.0001718127
22405405.405 0.0001710339
22441441.441 0.0001702589
22477477.477 0.0001694877
22513513.514 0.0001687203
22549549.550 0.0001679567
22585585.586 0.0001671969
22621621.622 0.0001664407
22657657.658 0.0001656883
22693693.694 0.0001649396
22729729.730 0.0001641946
22765765.766 0.0001634532
22801801.802 0.0001627155
22837837.838 0.0001619814
22873873.874 0.0001612508
22909909.910 0.0001605239
22945945.946 0.0001598005
22981981.982 0.0001590806
23018018.018 0.0001583643
23054054.054 0.0001576514
23090090.090 0.0001569420
23126126.126 0.0001562361
23162162.162 0.0001555336
23198198.198 0.0001548346
23234234.234 0.0001541389
23270270.270 0.0001534467
23306306.306 0.0001527578
23342342.342 0.0001520722
23378378.378 0.0001513900
23414414.414 0.0001507111
23450450.450 0.0001500355
23486486.486 0.0001493632
23522522.523 0.0001486941
23558558.559 0.0001480282
23594594.595 0.0001473656
23630630.631 0.0001467062
23666666.667 0.0001460500
23702702.703 0.0001453969
23738738.739 0.0001447470
23774774.775 0.0001441003
23810810.811 0.0001434567
23846846.847 0.0001428161
23882882.883 0.0001421787
23918918.919 0.0001415443
23954954.955 0.0001409130
23990990.991 0.0001402847
24027027.027 0.0001396595
24063063.063 0.0001390372
24099099.099 0.0001384179
24135135.135 0.0001378017
24171171.171 0.0001371883
24207207.207 0.0001365779
24243243.243 0.0001359705
24279279.279 0.0001353659
24315315.315 0.0001347643
24351351.351 0.0001341655
24387387.387 0.0001335696
24423423.423 0.0001329765
24459459.459 0.0001323863
24495495.495 0.0001317989
24531531.532 0.0001312143
24567567.568 0.0001306325
24603603.604 0.0001300535
24639639.640 0.0001294772
24675675.676 0.0001289037
24711711.712 0.0001283329
24747747.748 0.0001277648
24783783.784 0.0001271994
24819819.820 0.0001266367
24855855.856 0.0001260767
24891891.892 0.0001255194
24927927.928 0.0001249647
24963963.964 0.0001244126
25000000.000 0.0001238632
25036036.036 0.0001233163
25072072.072 0.0001227721
25108108.108 0.0001222304
25144144.144 0.0001216913
25180180.180 0.0001211547
25216216.216 0.0001206207
25252252.252 0.0001200892
25288288.288 0.0001195602
25324324.324 0.0001190338
25360360.360 0.0001185098
25396396.396 0.0001179882
25432432.432 0.0001174692
25468468.468 0.0001169526
25504504.505 0.0001164384
25540540.541 0.0001159266
25576576.577 0.0001154173
25612612.613 0.0001149103
25648648.649 0.0001144057
25684684.685 0.0001139035
25720720.721 0.0001134037
25756756.757 0.0001129062
25792792.793 0.0001124111
25828828.829 0.0001119182
25864864.865 0.0001114277
25900900.901 0.0001109395
25936936.937 0.0001104536
25972972.973 0.0001099699
26009009.009 0.0001094885
26045045.045 0.0001090094
26081081.081 0.0001085325
26117117.117 0.0001080578
26153153.153 0.0001075854
26189189.189 0.0001071152
26225225.225 0.0001066471
26261261.261 0.0001061812
26297297.297 0.0001057176
26333333.333 0.0001052560
26369369.369 0.0001047967
26405405.405 0.0001043394
26441441.441 0.0001038843
26477477.477 0.0001034314
26513513.514 0.0001029805
26549549.550 0.0001025317
26585585.586 0.0001020850
26621621.622 0.0001016404
26657657.658 0.0001011978
26693693.694 0.0001007574
26729729.730 0.0001003189
26765765.766 0.0000998825
26801801.802 0.0000994481
26837837.838 0.0000990157
26873873.874 0.0000985853
26909909.910 0.0000981570
26945945.946 0.0000977306
26981981.982 0.0000973061
27018018.018 0.0000968837
27054054.054 0.0000964632
27090090.090 0.0000960446
27126126.126 0.0000956280
27162162.162 0.0000952132
27198198.198 0.0000948005
27234234.234 0.0000943896
27270270.270 0.0000939806
27306306.306 0.0000935735
27342342.342 0.0000931682
27378378.378 0.0000927649
27414414.414 0.0000923633
27450450.450 0.0000919637
27486486.486 0.0000915659
27522522.523 0.0000911699
27558558.559 0.0000907757
27594594.595 0.0000903833
27630630.631 0.0000899928
27666666.667 0.0000896040
27702702.703 0.0000892170
27738738.739 0.0000888318
27774774.775 0.0000884484
27810810.811 0.0000880667
27846846.847 0.0000876868
27882882.883 0.0000873086
27918918.919 0.0000869321
27954954.955 0.0000865574
27990990.991 0.0000861844
28027027.027 0.0000858130
28063063.063 0.0000854434
28099099.099 0.0000850755
28135135.135 0.0000847092
28171171.171 0.0000843447
28207207.207 0.0000839818
28243243.243 0.0000836205
28279279.279 0.0000832609
28315315.315 0.0000829029
28351351.351 0.0000825466
28387387.387 0.0000821919
28423423.423 0.0000818388
28459459.459 0.0000814873
28495495.495 0.0000811374
28531531.532 0.0000807891
28567567.568 0.0000804424
28603603.604 0.0000800972
28639639.640 0.0000797536
28675675.676 0.0000794116
28711711.712 0.0000790712
28747747.748 0.0000787323
28783783.784 0.0000783949
28819819.820 0.0000780590
28855855.856 0.0000777247
28891891.892 0.0000773919
28927927.928 0.0000770606
28963963.964 0.0000767308
29000000.000 0.0000764025
29036036.036 0.0000760757
29072072.072 0.0000757503
29108108.108 0.0000754265
29144144.144 0.0000751041
29180180.180 0.0000747831
29216216.216 0.0000744636
29252252.252 0.0000741456
29288288.288 0.0000738289
29324324.324 0.0000735137
29360360.360 0.0000732000
29396396.396 0.0000728876
29432432.432 0.0000725767
29468468.468 0.0000722671
29504504.505 0.0000719590
29540540.541 0.0000716522
29576576.577 0.0000713468
29612612.613 0.0000710428
29648648.649 0.0000707402
29684684.685 0.0000704389
29720720.721 0.0000701390
29756756.757 0.0000698404
29792792.793 0.0000695431
29828828.829 0.0000692472
29864864.865 0.0000689527
29900900.901 0.0000686594
29936936.937 0.0000683675
29972972.973 0.0000680768
30009009.009 0.0000677875
30045045.045 0.0000674995
30081081.081 0.0000672128
30117117.117 0.0000669273
30153153.153 0.0000666431
30189189.189 0.0000663602
30225225.225 0.0000660786
30261261.261 0.0000657982
30297297.297 0.0000655191
30333333.333 0.0000652412
30369369.369 0.0000649646
30405405.405 0.0000646892
30441441.441 0.0000644150
30477477.477 0.0000641420
30513513.514 0.0000638703
30549549.550 0.0000635998
30585585.586 0.0000633305
30621621.622 0.0000630624
30657657.658 0.0000627955
30693693.694 0.0000625297
30729729.730 0.0000622652
30765765.766 0.0000620018
30801801.802 0.0000617396
30837837.838 0.0000614786
30873873.874 0.0000612187
30909909.910 0.0000609600
30945945.946 0.0000607025
30981981.982 0.0000604461
31018018.018 0.0000601908
31054054.054 0.0000599366
31090090.090 0.0000596836
31126126.126 0.0000594317
31162162.162 0.0000591810
31198198.198 0.0000589313
31234234.234 0.0000586827
31270270.270 0.0000584353
31306306.306 0.0000581889
31342342.342 0.0000579437
31378378.378 0.0000576995
31414414.414 0.0000574564
31450450.450 0.0000572144
31486486.486 0.0000569734
31522522.523 0.0000567335
31558558.559 0.0000564947
31594594.595 0.0000562569
31630630.631 0.0000560202
31666666.667 0.0000557845
31702702.703 0.0000555499
31738738.739 0.0000553163
31774774.775 0.0000550837
31810810.811 0.0000548522
31846846.847 0.0000546217
31882882.883 0.0000543922
31918918.919 0.0000541637
31954954.955 0.0000539362
31990990.991 0.0000537097
32027027.027 0.0000534842
32063063.063 0.0000532597
32099099.099 0.0000530362
32135135.135 0.0000528137
32171171.171 0.0000525922
32207207.207 0.0000523716
32243243.243 0.0000521520
32279279.279 0.0000519334
32315315.315 0.0000517157
32351351.351 0.0000514990
32387387.387 0.0000512832
32423423.423 0.0000510684
32459459.459 0.0000508545
32495495.495 0.0000506416
32531531.532 0.0000504296
32567567.568 0.0000502185
32603603.604 0.0000500084
32639639.640 0.0000497991
32675675.676 0.0000495908
32711711.712 0.0000493834
32747747.748 0.0000491769
32783783.784 0.0000489713
32819819.820 0.0000487667
32855855.856 0.0000485629
32891891.892 0.0000483600
32927927.928 0.0000481580
32963963.964 0.0000479568
33000000.000 0.0000477566
33036036.036 0.0000475572
33072072.072 0.0000473587
33108108.108 0.0000471611
33144144.144 0.0000469643
33180180.180 0.0000467684
33216216.216 0.0000465733
33252252.252 0.0000463791
33288288.288 0.0000461857
33324324.324 0.0000459932
33360360.360 0.0000458015
33396396.396 0.0000456107
33432432.432 0.0000454207
33468468.468 0.0000452315
33504504.505 0.0000450431
33540540.541 0.0000448556
33576576.577 0.0000446688
33612612.613 0.0000444829
33648648.649 0.0000442978
33684684.685 0.0000441135
33720720.721 0.0000439300
33756756.757 0.0000437473
33792792.793 0.0000435654
33828828.829 0.0000433843
33864864.865 0.0000432039
33900900.901 0.0000430244
33936936.937 0.0000428456
33972972.973 0.0000426676
34009009.009 0.0000424904
34045045.045 0.0000423139
34081081.081 0.0000421382
34117117.117 0.0000419633
34153153.153 0.0000417891
34189189.189 0.0000416157
34225225.225 0.0000414431
34261261.261 0.0000412711
34297297.297 0.0000411000
34333333.333 0.0000409295
34369369.369 0.0000407598
34405405.405 0.0000405909
34441441.441 0.0000404226
34477477.477 0.0000402551
34513513.514 0.0000400883
34549549.550 0.0000399223
34585585.586 0.0000397569
34621621.622 0.0000395923
34657657.658 0.0000394284
34693693.694 0.0000392652
34729729.730 0.0000391027
34765765.766 0.0000389409
34801801.802 0.0000387797
34837837.838 0.0000386193
34873873.874 0.0000384596
34909909.910 0.0000383006
34945945.946 0.0000381422
34981981.982 0.0000379846
35018018.018 0.0000378276
35054054.054 0.0000376713
35090090.090 0.0000375156
35126126.126 0.0000373606
35162162.162 0.0000372063
35198198.198 0.0000370527
35234234.234 0.0000368997
35270270.270 0.0000367474
35306306.306 0.0000365957
35342342.342 0.0000364447
35378378.378 0.0000362944
35414414.414 0.0000361446
35450450.450 0.0000359956
35486486.486 0.0000358471
35522522.523 0.0000356993
35558558.559 0.0000355521
35594594.595 0.0000354056
35630630.631 0.0000352597
35666666.667 0.0000351144
35702702.703 0.0000349698
35738738.739 0.0000348257
35774774.775 0.0000346823
35810810.811 0.0000345395
35846846.847 0.0000343973
35882882.883 0.0000342557
35918918.919 0.0000341147
35954954.955 0.0000339744
35990990.991 0.0000338346
36027027.027 0.0000336954
36063063.063 0.0000335568
36099099.099 0.0000334188
36135135.135 0.0000332814
36171171.171 0.0000331446
36207207.207 0.0000330084
36243243.243 0.0000328727
36279279.279 0.0000327377
36315315.315 0.0000326032
36351351.351 0.0000324693
36387387.387 0.0000323359
36423423.423 0.0000322031
36459459.459 0.0000320709
36495495.495 0.0000319393
36531531.532 0.0000318082
36567567.568 0.0000316777
36603603.604 0.0000315477
36639639.640 0.0000314183
36675675.676 0.0000312894
36711711.712 0.0000311611
36747747.748 0.0000310333
36783783.784 0.0000309061
36819819.820 0.0000307794
36855855.856 0.0000306533
36891891.892 0.0000305277
36927927.928 0.0000304026
36963963.964 0.0000302781
37000000.000 0.0000301541