------ SIMULAZIONE DEL 24/03/2026 ALLE ORE 18:59 ------ 
=== PARAMETRI DI SIMULAZIONE ===
Pres [Atm]   moltiplicatore  PERC_water   Arricch.INT  Arricch. EXT T_WATER [K]  T_FUEL [K]   K_max        std_k_max    K_auto       std_k_auto   Compatibilità
1            1.000           0.15         19.171       0            350          600          0.97547      0.00020      0.97622      0.00012      3.19728     
1            1.000           0.15         15.547       1            350          600          0.97547      0.00020      0.97472      0.00014      3.05915     
1            1.000           0.15         12.688       2            350          600          0.97547      0.00020      0.97441      0.00012      4.56073     
1            1.000           0.15         10.438       3            350          600          0.97547      0.00020      0.97508      0.00013      1.64520     
1            1.000           0.15         8.500        4            350          600          0.97547      0.00020      0.97637      0.00014      3.73054     
1            1.000           0.15         6.641        5            350          600          0.97547      0.00020      0.97585      0.00015      1.51547    
1            1.000           0.15         4.875        6            350          600          0.97547      0.00020      0.97427      0.00015      4.82685     
1            1.000           0.15         3.594        7            350          600          0.97547      0.00020      0.97568      0.00012      0.88797     
1            1.000           0.15         2.207        8            350          600          0.97547      0.00020      0.97420      0.00013      5.33389     
1            1.000           0.15         1.047        9            350          600          0.97547      0.00020      0.97432      0.00015      4.61882     
1            1.000           0.15         0.135        10           350          600          0.97547      0.00020      0.97602      0.00014      2.23935     

1            1.000           0.15         0.000        11           350          600          0.97547      0.00020      0.98853      0.00014      53.04567    
1            1.000           0.15         0.000        12           350          600          0.97547      0.00020      1.00070      0.00014      103.60042   
1            1.000           0.15         0.000        13           350          600          0.97547      0.00020      1.01168      0.00013      150.83999   
1            1.000           0.15         0.000        14           350          600          0.97547      0.00020      1.02131      0.00014      188.38082   
1            1.000           0.15         0.000        15           350          600          0.97547      0.00020      1.03018      0.00014      223.71958   
1            1.000           0.15         0.000        16           350          600          0.97547      0.00020      1.03801      0.00015      251.09626   
1            1.000           0.15         0.000        17           350          600          0.97547      0.00020      1.04550      0.00014      288.83619   
1            1.000           0.15         0.000        18           350          600          0.97547      0.00020      1.05202      0.00014      309.91094   
1            1.000           0.15         0.000        19           350          600          0.97547      0.00020      1.05817      0.00013      343.66783   
1            1.000           0.15         0.000        20           350          600          0.97547      0.00020      1.06359      0.00014      361.21539