14454662.93745073 3.666       300          300          0.99828      0.00061     
9139526.565778445 3.844       300          300          1.01595      0.00068     
2456440.571186794 3.557       300          300          0.98202      0.00063     
13178354.39762615 3.509       300          300          0.97949      0.00066     
10791397.63783246 3.779       300          300          1.00906      0.00071     
103703.40512154158 3.858       300          300          1.01292      0.00063     
101404.32379892272 3.677       300          300          0.99593      0.00052     
15197839.5655730333.508       300          300          0.97894      0.00053     
103285.24356325163.496       300          300          0.97305      0.00064     
15198392.8886174733.787       300          300          1.01011      0.00059     
101740.630766504943.496       300          300          0.97337      0.00068     
15197332.1859756933.841       300          300          1.01586      0.00063     
101420.908436712183.832       300          300          1.01105      0.00058     
15198493.1132753513.517       300          300          0.97974      0.00073     
103531.797001287383.646       300          300          0.99130      0.00059     
15198436.9008233473.513       300          300          0.97958      0.00063  

101351.9031005183 3.712       300          300          0.99980      0.00055 
    
15195888.9616950843.825       300          300          1.01406      0.00067     
104269.434662212883.687       300          300          0.99593      0.00059     
15195727.345301633.612       300          300          0.99252      0.00050     
101358.62668581873.549       300          300          0.98013      0.00054     
15196906.2892116553.852       300          300          1.01803      0.00056     
105016.370768785623.905       300          300          1.01793      0.00056     
15197488.0032007733.515       300          300          0.98113      0.00065     
104173.12214524626 3.709       300          300          0.99856      0.00050     
15197871.7464632543.713       300          300          1.00290      0.00054     
101795.239952906943.812       300          300          1.01015      0.00053     
15192731.1089988263.642       300          300          0.99436      0.00062     
101752.921662130733.597       300          300          0.98595      0.00064     
15198492.2151065823.633       300          300          0.99406      0.00055     
