------ SIMULAZIONE DEL 09/03/2026 ALLE ORE 18:37 ------
=== PARAMETRI DI SIMULAZIONE ===
intensità sorgente: 2e+17 fotoni/s
Arricchimento: 0.05
Pressione di funzionamento: 101325 Pa
percentuale di acqua leggera nella miscela: 15.00 % 
RAGGGIO CORE: 120.0 cm
REFLECTOR SIDE: 10.0 cm
REFLECTOR BOTTOM: 15.0 cm
H_CORE: 80.0 cm
R_PIPE (Soglia): 5.0 cm
Geometria PIN (R_FUEL, CLAD, R_WATER): 0.5, 0.05, 1.5 cm
PITCH: 10.65211 cm
Target (R, H, Pos): 2.0, 10.0, 40.0 cm
Settings: 50 batches, 10000 particles, 5 inactive batches
================================

T_WATER [K]  T_FUEL [K]   K_EFF        STD_DEV      EPSILON      P            F            ETA          LEAKAGE_FRACTION K_INF_LEAKAGE
300          300          0.85800      0.00150      1.04153      0.94137      0.64413      1.94260      0.30480      0.85290     
300          350          0.85940      0.00133      1.04162      0.94139      0.64451      1.94224      0.30280      0.85579     
300          400          0.86045      0.00167      1.04155      0.94114      0.64456      1.94268      0.30251      0.85613     
300          450          0.86048      0.00129      1.04140      0.94080      0.64446      1.94205      0.30242      0.85540     
300          500          0.86325      0.00157      1.04142      0.94087      0.64546      1.94207      0.30146      0.85799     
300          550          0.86077      0.00164      1.04149      0.94077      0.64423      1.94222      0.30067      0.85735     
300          600          0.85885      0.00213      1.04166      0.94040      0.64452      1.94237      0.30193      0.85607     
300          650          0.85970      0.00155      1.04150      0.94050      0.64457      1.94212      0.30202      0.85588     
300          700          0.85829      0.00168      1.04149      0.94036      0.64414      1.94169      0.30156      0.85554     
310          300          0.85630      0.00141      1.04177      0.94071      0.64551      1.94250      0.30635      0.85238     
310          350          0.85728      0.00150      1.04165      0.94040      0.64596      1.94109      0.30523      0.85336     
310          400          0.85587      0.00136      1.04173      0.94052      0.64639      1.94191      0.30538      0.85428     
310          450          0.85954      0.00193      1.04142      0.94104      0.64739      1.94114      0.30452      0.85653     
310          500          0.85584      0.00119      1.04192      0.94009      0.64642      1.94195      0.30504      0.85450     
310          550          0.85585      0.00150      1.04171      0.94013      0.64571      1.94144      0.30432      0.85410     
310          600          0.85556      0.00158      1.04160      0.93984      0.64586      1.94157      0.30560      0.85242     
310          650          0.85990      0.00153      1.04181      0.94007      0.64562      1.94298      0.30300      0.85630     
310          700          0.86030      0.00148      1.04172      0.93996      0.64707      1.94127      0.30311      0.85716     
320          300          0.85563      0.00172      1.04181      0.94071      0.64808      1.94207      0.30886      0.85252     
320          350          0.85705      0.00160      1.04182      0.94065      0.64873      1.94162      0.30870      0.85332     
320          400          0.85231      0.00167      1.04205      0.94058      0.64799      1.94171      0.31060      0.85019     
320          450          0.85532      0.00150      1.04199      0.94001      0.64803      1.94138      0.30845      0.85217     
320          500          0.85563      0.00158      1.04210      0.94008      0.64786      1.94199      0.30956      0.85100     
320          550          0.85641      0.00142      1.04184      0.93971      0.64819      1.94207      0.30873      0.85195     
320          600          0.85857      0.00170      1.04179      0.93969      0.64854      1.94142      0.30669      0.85457     
320          650          0.85829      0.00172      1.04164      0.93977      0.64936      1.94106      0.30660      0.85555     
320          700          0.85644      0.00161      1.04191      0.93938      0.64788      1.94187      0.30727      0.85300     
330          300          0.85582      0.00172      1.04234      0.94032      0.65037      1.94141      0.31336      0.84976     
330          350          0.85461      0.00167      1.04201      0.94018      0.65042      1.94157      0.31198      0.85120     
330          400          0.85249      0.00180      1.04224      0.93965      0.65015      1.94134      0.31357      0.84850     
330          450          0.85271      0.00190      1.04220      0.93959      0.65019      1.94106      0.31237      0.84981     
330          500          0.85562      0.00165      1.04206      0.93952      0.65115      1.94068      0.31125      0.85210     
330          550          0.85368      0.00149      1.04194      0.93961      0.65070      1.94113      0.31151      0.85138     
330          600          0.85222      0.00170      1.04189      0.93949      0.64995      1.94089      0.31105      0.85070     
330          650          0.85509      0.00152      1.04179      0.93934      0.65109      1.94094      0.31098      0.85209     
330          700          0.85839      0.00165      1.04200      0.93913      0.64983      1.94163      0.30971      0.85230     
340          300          0.84969      0.00162      1.04241      0.93966      0.65181      1.94147      0.31665      0.84704     
340          350          0.85268      0.00164      1.04204      0.94009      0.65246      1.94180      0.31640      0.84844     
340          400          0.85229      0.00136      1.04209      0.93995      0.65298      1.94061      0.31528      0.84988     
340          450          0.85330      0.00135      1.04216      0.93911      0.65191      1.94170      0.31398      0.84989     
340          500          0.85468      0.00160      1.04205      0.93944      0.65272      1.94110      0.31485      0.84980     
340          550          0.85273      0.00147      1.04202      0.93961      0.65267      1.94087      0.31488      0.84973     
340          600          0.85152      0.00146      1.04221      0.93905      0.65206      1.94108      0.31478      0.84881     
340          650          0.85405      0.00162      1.04243      0.93865      0.65290      1.94040      0.31470      0.84952     
340          700          0.84957      0.00150      1.04227      0.93857      0.65284      1.94036      0.31498      0.84887     
350          300          0.84664      0.00159      1.04272      0.93891      0.65378      1.94084      0.32006      0.84467     
350          350          0.84841      0.00190      1.04238      0.93920      0.65480      1.94090      0.32035      0.84563     
350          400          0.84974      0.00163      1.04231      0.93891      0.65542      1.94040      0.32009      0.84622     
350          450          0.84600      0.00149      1.04270      0.93875      0.65444      1.94023      0.32072      0.84426     
350          500          0.85194      0.00182      1.04201      0.93941      0.65534      1.94099      0.31788      0.84934     
350          550          0.85041      0.00182      1.04253      0.93889      0.65467      1.94068      0.31853      0.84748     
350          600          0.84898      0.00197      1.04262      0.93833      0.65451      1.94014      0.31846      0.84669     
350          650          0.85047      0.00173      1.04243      0.93807      0.65475      1.94084      0.31814      0.84730     
350          700          0.85379      0.00157      1.04259      0.93812      0.65532      1.94041      0.31701      0.84943     
