------ SIMULAZIONE DEL 02/04/2026 ALLE ORE 18:48 ------
=== PARAMETRI DI SIMULAZIONE ===
Pres [Atm]   moltiplicatore  PERC_water   Arricch. INT Arricch. EXTT_WATER [K]  T_FUEL [K]   K_max        std_k_max    K_auto       std_k_auto   Compatibilità
1            1.000           0.15         19.073       0            350          600          0.97547      0.00020      0.97550      0.00015      0.11835     
1            1.000           0.15         15.591       1            350          600          0.97547      0.00020      0.97504      0.00014      1.75597     
1            1.000           0.15         12.817       2            350          600          0.97547      0.00020      0.97557      0.00013      0.43211     
1            1.000           0.15         10.471       3            350          600          0.97547      0.00020      0.97538      0.00013      0.38161     
1            1.000           0.15         8.458        4            350          600          0.97547      0.00020      0.97584      0.00012      1.58446     
1            1.000           0.15         6.592        5            350          600          0.97547      0.00020      0.97515      0.00013      1.35692     
1            1.000           0.15         4.966        6            350          600          0.97547      0.00020      0.97524      0.00014      0.96256 
1            1.000           0.15         3.579        7            350          600          0.97547      0.00020      0.97566      0.00014      0.76105     
1            1.000           0.15         2.339        8            350          600          0.97547      0.00020      0.97596      0.00013      2.04022     
1            1.000           0.15         1.152        9            350          600          0.97547      0.00020      0.97588      0.00013      1.69672     
1            1.000           0.15         0.065        10           350          600          0.97547      0.00020      0.97526      0.00016      0.83264 
1            1.000           0.15         0.000        11           350          600          0.97547      0.00020      0.98853      0.00014      53.04567    
1            1.000           0.15         0.000        12           350          600          0.97547      0.00020      1.00070      0.00014      103.60042   
1            1.000           0.15         0.000        13           350          600          0.97547      0.00020      1.01168      0.00013      150.83999   
1            1.000           0.15         0.000        14           350          600          0.97547      0.00020      1.02131      0.00014      188.38082   
1            1.000           0.15         0.000        15           350          600          0.97547      0.00020      1.03018      0.00014      223.71958   
1            1.000           0.15         0.000        16           350          600          0.97547      0.00020      1.03801      0.00015      251.09626   
1            1.000           0.15         0.000        17           350          600          0.97547      0.00020      1.04550      0.00014      288.83619   
1            1.000           0.15         0.000        18           350          600          0.97547      0.00020      1.05202      0.00014      309.91094   
1            1.000           0.15         0.000        19           350          600          0.97547      0.00020      1.05817      0.00013      343.66783   
1            1.000           0.15         0.000        20           350          600          0.97547      0.00020      1.06359      0.00014      361.21539