------ SIMULAZIONE DEL 02/04/2026 ALLE ORE 18:48 ------
=== PARAMETRI DI SIMULAZIONE ===
Pres [Atm]   moltiplicatore  PERC_water   Arricch. INT Arricch. EXTT_WATER [K]  T_FUEL [K]   K_max        std_k_max    K_auto       std_k_auto   Compatibilità
1            1.000           0.15         19.073       0            350          600          0.97547      0.00020      0.97550      0.00015      0.11835     
1            1.000           0.15         15.591       1            350          600          0.97547      0.00020      0.97504      0.00014      1.75597     
1            1.000           0.15         12.817       2            350          600          0.97547      0.00020      0.97557      0.00013      0.43211     
1            1.000           0.15         10.471       3            350          600          0.97547      0.00020      0.97538      0.00013      0.38161     
1            1.000           0.15         8.458        4            350          600          0.97547      0.00020      0.97584      0.00012      1.58446     
1            1.000           0.15         6.592        5            350          600          0.97547      0.00020      0.97515      0.00013      1.35692     
1            1.000           0.15         4.966        6            350          600          0.97547      0.00020      0.97524      0.00014      0.96256 
