------ SIMULAZIONE DEL 05/03/2026 ALLE ORE 16:46 ------
=== PARAMETRI DI SIMULAZIONE ===
Arricchimento: 0.05
RAGGGIO CORE: 40.0 cm
REFLECTOR SIDE: 10.0 cm
REFLECTOR BOTTOM: 15.0 cm
H_CORE: 80.0 cm
mix acqua: 0.15
R_PIPE (Soglia): 5.0 cm
Geometria PIN (R_FUEL, CLAD, R_WATER): 0.5, 0.05, 1.5 cm
PITCH: 3.55070 cm
Target (R, H, Pos): 2.0, 10.0, 40.0 cm
Settings: 5 batches, 10000 particles, 0 inactive batches
================================

T_WATER [K]  T_FUEL [K]   K_EFF        STD_DEV      EPSILON      P            F            ETA          LEAKAGE_FRACTION K_INF_LEAKAGE
300          300          1.10851      0.20322      1.17915      0.70889      0.94125      1.93535      0.29228      1.07763     
300          350          1.26265      0.20073      1.17609      0.71083      0.94144      1.93545      0.29270      1.07743     
300          400          1.13660      0.16055      1.17689      0.70600      0.94233      1.93374      0.29096      1.07353     
300          450          1.01242      0.15065      1.17837      0.70685      0.94205      1.93561      0.29070      1.07729     
300          500          1.12164      0.14845      1.17525      0.70784      0.94254      1.93413      0.29226      1.07331     
300          550          1.34988      0.11278      1.18102      0.70169      0.94278      1.93338      0.28996      1.07254     
300          600          1.03947      0.11301      1.17918      0.70320      0.94155      1.93556      0.29046      1.07223     
300          650          1.02051      0.13190      1.17850      0.70345      0.94266      1.93382      0.28986      1.07320     
300          700          1.17105      0.14437      1.18050      0.70015      0.94192      1.93473      0.29262      1.06548     
310          300          1.07769      0.07543      1.17845      0.70828      0.94253      1.93413      0.29338      1.07518     
310          350          1.11542      0.03391      1.17685      0.71151      0.94251      1.93344      0.29634      1.07370     
310          400          1.02790      0.28905      1.17964      0.70723      0.94284      1.93294      0.29482      1.07218     
310          450          1.01572      0.05277      1.17838      0.70668      0.94318      1.93198      0.29578      1.06860     
310          500          1.15433      0.04481      1.17731      0.70647      0.94377      1.93217      0.29524      1.06890     
310          550          1.14833      0.10678      1.17629      0.70710      0.94257      1.93412      0.29148      1.07435     
310          600          1.10846      0.04604      1.17584      0.70815      0.94310      1.93392      0.29380      1.07249     
310          650          1.08284      0.09610      1.18058      0.70162      0.94276      1.93376      0.29150      1.06990     
310          700          1.05909      0.07644      1.17891      0.70227      0.94131      1.93513      0.29324      1.06586     
320          300          0.98543      0.05763      1.17771      0.70940      0.94233      1.93439      0.29870      1.06802     
320          350          0.86241      0.12091      1.17762      0.70854      0.94222      1.93454      0.29822      1.06733     
320          400          1.04195      0.23041      1.18105      0.70355      0.94353      1.93198      0.29758      1.06394     
320          450          1.09917      0.09863      1.17664      0.70970      0.94263      1.93439      0.29652      1.07118     
320          500          1.04678      0.07614      1.17906      0.70278      0.94315      1.93357      0.29370      1.06730     
320          550          1.07728      0.09839      1.17933      0.70700      0.94282      1.93391      0.29752      1.06796     
320          600          1.01454      0.07963      1.17947      0.70342      0.94146      1.93575      0.29442      1.06685     
320          650          0.94841      0.05950      1.17906      0.70240      0.94293      1.93428      0.29576      1.06375     
320          700          1.03924      0.08830      1.17961      0.70088      0.94230      1.93480      0.29226      1.06680     
330          300          1.07535      0.08889      1.17849      0.71085      0.94195      1.93455      0.29888      1.07029     
330          350          1.06534      0.08678      1.17874      0.70809      0.94272      1.93334      0.29894      1.06648     
330          400          1.04517      0.04332      1.17815      0.70774      0.94318      1.93340      0.29734      1.06840     
330          450          0.99669      0.08218      1.18043      0.70341      0.94262      1.93383      0.29788      1.06271     
330          500          1.11378      0.07514      1.18326      0.70053      0.94287      1.93325      0.29676      1.06254     
330          550          1.03276      0.15269      1.17971      0.70407      0.94373      1.93228      0.29688      1.06498     
330          600          1.09239      0.07410      1.17880      0.70505      0.94319      1.93414      0.29500      1.06889     
330          650          1.13032      0.11890      1.18040      0.70019      0.94204      1.93545      0.29566      1.06140     
330          700          1.03124      0.09485      1.18088      0.70135      0.94295      1.93428      0.29736      1.06141     
340          300          1.07819      0.05871      1.18164      0.70620      0.94169      1.93634      0.30174      1.06248     
340          350          1.16738      0.02487      1.18450      0.70289      0.94198      1.93513      0.30084      1.06108     
340          400          1.08286      0.09107      1.18235      0.70353      0.94277      1.93341      0.30118      1.05957     
340          450          0.98960      0.12126      1.18551      0.69941      0.94222      1.93537      0.30176      1.05575     
340          500          0.99197      0.01773      1.18199      0.69948      0.94290      1.93430      0.29818      1.05828     
340          550          1.13710      0.08297      1.18415      0.69808      0.94261      1.93477      0.30278      1.05109     
340          600          1.06566      0.06520      1.18299      0.69929      0.94374      1.93294      0.29804      1.05930     
340          650          1.08217      0.11506      1.18391      0.69859      0.94220      1.93590      0.30040      1.05539     
340          700          1.23903      0.11919      1.18285      0.69968      0.94311      1.93465      0.30222      1.05368     
350          300          1.09195      0.08685      1.18196      0.70386      0.94371      1.93267      0.30466      1.05507     
350          350          1.08681      0.08552      1.17975      0.70737      0.94268      1.93379      0.30570      1.05623     
350          400          1.08333      0.02055      1.18337      0.70358      0.94273      1.93439      0.30372      1.05719     
350          450          1.04723      0.01073      1.18414      0.70381      0.94272      1.93396      0.30346      1.05836     
350          500          1.02814      0.08716      1.18444      0.70012      0.94341      1.93295      0.29962      1.05911     
350          550          1.04559      0.08012      1.18178      0.70027      0.94403      1.93350      0.30156      1.05503     
350          600          1.09999      0.04369      1.18226      0.69947      0.94325      1.93342      0.30310      1.05100     
350          650          1.09685      0.12528      1.18129      0.70137      0.94319      1.93426      0.30250      1.05429     
350          700          1.36166      0.19037      1.18300      0.69688      0.94346      1.93456      0.30300      1.04877     
