

------ SIMULAZIONE DEL 09/03/2026 ALLE ORE 14:01 ------
=== PARAMETRI DI SIMULAZIONE ===
intensità sorgente: 2e+17 fotoni/s
Arricchimento: 0.03
Pressione di funzionamento: 15000000.0 Pa
percentuale di acqua leggera nella miscela: 100.00 % 
RAGGGIO CORE: 40.0 cm
REFLECTOR SIDE: 10.0 cm
REFLECTOR BOTTOM: 15.0 cm
H_CORE: 80.0 cm
R_PIPE (Soglia): 5.0 cm
Geometria PIN (R_FUEL, CLAD, R_WATER): 0.5, 0.05, 1.5 cm
PITCH: 3.55070 cm
Target (R, H, Pos): 2.0, 10.0, 40.0 cm
Settings: 50 batches, 10000 particles, 5 inactive batches
================================

T_WATER [K]  T_FUEL [K]   K_EFF        STD_DEV      EPSILON      P            F            ETA          LEAKAGE_FRACTION K_INF_LEAKAGE
300          300          0.94733      0.00158      1.06367      0.90430      0.66668      1.84684      0.20127      0.94594     
300          350          0.94461      0.00110      1.06407      0.90395      0.66625      1.84677      0.20222      0.94416     
300          400          0.94429      0.00131      1.06398      0.90347      0.66684      1.84597      0.20163      0.94470     
300          450          0.94426      0.00134      1.06411      0.90292      0.66609      1.84679      0.20086      0.94450     
300          500          0.94435      0.00161      1.06400      0.90309      0.66578      1.84654      0.20113      0.94371     
300          550          0.94422      0.00127      1.06399      0.90252      0.66606      1.84681      0.20079      0.94404     
300          600          0.94367      0.00152      1.06384      0.90236      0.66632      1.84626      0.20063      0.94402     
300          650          0.94578      0.00125      1.06369      0.90197      0.66674      1.84623      0.20005      0.94474     
300          700          0.94185      0.00126      1.06409      0.90152      0.66579      1.84624      0.20032      0.94297     
310          300          0.94359      0.00124      1.06399      0.90368      0.66858      1.84643      0.20329      0.94566     
310          350          0.94487      0.00130      1.06381      0.90363      0.66801      1.84633      0.20444      0.94323     
310          400          0.94286      0.00148      1.06391      0.90291      0.66831      1.84628      0.20396      0.94354     
310          450          0.94187      0.00128      1.06430      0.90194      0.66773      1.84610      0.20321      0.94284     
310          500          0.94402      0.00147      1.06407      0.90239      0.66764      1.84624      0.20362      0.94257     
310          550          0.94292      0.00151      1.06422      0.90148      0.66745      1.84625      0.20224      0.94312     
310          600          0.94313      0.00137      1.06388      0.90192      0.66729      1.84580      0.20354      0.94128     
310          650          0.94608      0.00160      1.06413      0.90153      0.66730      1.84673      0.20248      0.94285     
310          700          0.94371      0.00131      1.06409      0.90118      0.66772      1.84626      0.20268      0.94256     
320          300          0.94460      0.00149      1.06421      0.90328      0.67021      1.84580      0.20653      0.94358     
320          350          0.94577      0.00149      1.06375      0.90360      0.67034      1.84618      0.20548      0.94513     
320          400          0.94358      0.00139      1.06437      0.90259      0.66987      1.84551      0.20507      0.94410     
320          450          0.94583      0.00120      1.06387      0.90280      0.67044      1.84530      0.20379      0.94609     
320          500          0.94215      0.00155      1.06435      0.90168      0.66924      1.84613      0.20559      0.94193     
320          550          0.94371      0.00133      1.06434      0.90220      0.66956      1.84530      0.20480      0.94345     
320          600          0.94079      0.00125      1.06440      0.90104      0.66910      1.84578      0.20473      0.94197     
320          650          0.94616      0.00159      1.06431      0.90125      0.66892      1.84513      0.20354      0.94292     
320          700          0.94334      0.00182      1.06400      0.90056      0.66917      1.84568      0.20367      0.94241     
330          300          0.94551      0.00168      1.06423      0.90312      0.67199      1.84520      0.20795      0.94392     
330          350          0.94736      0.00186      1.06450      0.90262      0.67192      1.84561      0.20565      0.94650     
330          400          0.94637      0.00149      1.06421      0.90226      0.67133      1.84578      0.20620      0.94447     
330          450          0.94520      0.00139      1.06469      0.90103      0.67168      1.84547      0.20636      0.94375     
330          500          0.94560      0.00120      1.06432      0.90146      0.67180      1.84532      0.20526      0.94527     
330          550          0.94319      0.00130      1.06465      0.90111      0.67115      1.84515      0.20536      0.94407     
330          600          0.94269      0.00147      1.06433      0.90067      0.67137      1.84537      0.20660      0.94228     
330          650          0.94492      0.00160      1.06413      0.90031      0.67075      1.84577      0.20534      0.94255     
330          700          0.94325      0.00168      1.06443      0.90034      0.67109      1.84547      0.20600      0.94240     
340          300          0.94521      0.00123      1.06456      0.90179      0.67403      1.84497      0.20898      0.94435     
340          350          0.94489      0.00146      1.06435      0.90181      0.67412      1.84547      0.20791      0.94584     
340          400          0.94234      0.00156      1.06510      0.90115      0.67308      1.84484      0.20952      0.94212     
340          450          0.94057      0.00129      1.06458      0.90080      0.67330      1.84472      0.20864      0.94258     
340          500          0.94458      0.00149      1.06450      0.90105      0.67354      1.84521      0.20876      0.94321     
340          550          0.94194      0.00178      1.06508      0.90021      0.67317      1.84500      0.20879      0.94218     
340          600          0.94636      0.00139      1.06455      0.90041      0.67332      1.84494      0.20750      0.94364     
340          650          0.94192      0.00126      1.06482      0.89970      0.67236      1.84494      0.20670      0.94274     
340          700          0.94318      0.00154      1.06475      0.89962      0.67259      1.84490      0.20614      0.94358     
350          300          0.94250      0.00145      1.06477      0.90187      0.67585      1.84471      0.21233      0.94302     
350          350          0.94581      0.00143      1.06481      0.90127      0.67583      1.84472      0.21082      0.94423     
350          400          0.94275      0.00134      1.06494      0.90079      0.67515      1.84495      0.21077      0.94305     
350          450          0.94403      0.00122      1.06475      0.90112      0.67576      1.84414      0.20973      0.94491     
350          500          0.94467      0.00119      1.06487      0.89994      0.67512      1.84476      0.20986      0.94304     
350          550          0.94407      0.00150      1.06478      0.89955      0.67534      1.84497      0.20981      0.94305     
350          600          0.94350      0.00163      1.06518      0.89933      0.67458      1.84484      0.21040      0.94132     
350          650          0.94270      0.00144      1.06513      0.89892      0.67528      1.84406      0.21066      0.94113     
350          700          0.94016      0.00125      1.06509      0.89866      0.67499      1.84435      0.21134      0.93974     
