

------ SIMULAZIONE DEL 09/03/2026 ALLE ORE 13:33 ------
=== PARAMETRI DI SIMULAZIONE ===
intensità sorgente: 2e+17 fotoni/s
Arricchimento: 0.05
Pressione di funzionamento: 202650 Pa
percentuale di acqua leggera nella miscela: 15.00 % 
RAGGGIO CORE: 40.0 cm
REFLECTOR SIDE: 10.0 cm
REFLECTOR BOTTOM: 15.0 cm
H_CORE: 80.0 cm
R_PIPE (Soglia): 5.0 cm
Geometria PIN (R_FUEL, CLAD, R_WATER): 0.5, 0.05, 1.5 cm
PITCH: 3.55070 cm
Target (R, H, Pos): 2.0, 10.0, 40.0 cm
Settings: 50 batches, 10000 particles, 5 inactive batches
================================

T_WATER [K]  T_FUEL [K]   K_EFF        STD_DEV      EPSILON      P            F            ETA          LEAKAGE_FRACTION K_INF_LEAKAGE
300          300          0.98092      0.00168      1.18281      0.70762      0.94270      1.93135      0.35979      0.97560     
300          350          0.98097      0.00166      1.18250      0.70675      0.94270      1.93181      0.35823      0.97674     
300          400          0.97901      0.00166      1.18378      0.70455      0.94274      1.93164      0.35763      0.97564     
300          450          0.97939      0.00117      1.18259      0.70462      0.94301      1.93127      0.35648      0.97659     
300          500          0.98132      0.00136      1.18306      0.70264      0.94303      1.93168      0.35527      0.97629     
300          550          0.97425      0.00136      1.18392      0.70146      0.94302      1.93168      0.35713      0.97252     
300          600          0.97529      0.00175      1.18352      0.70058      0.94333      1.93072      0.35641      0.97190     
300          650          0.97527      0.00164      1.18419      0.70010      0.94302      1.93119      0.35552      0.97305     
300          700          0.97655      0.00145      1.18382      0.69953      0.94310      1.93127      0.35702      0.96980     
310          300          0.97663      0.00136      1.18340      0.70670      0.94260      1.93149      0.36054      0.97365     
310          350          0.97820      0.00171      1.18317      0.70582      0.94268      1.93180      0.35886      0.97504     
310          400          0.97519      0.00185      1.18429      0.70326      0.94305      1.93106      0.35920      0.97191     
310          450          0.97657      0.00153      1.18340      0.70443      0.94312      1.93139      0.35938      0.97275     
310          500          0.97304      0.00141      1.18446      0.70160      0.94323      1.93088      0.35930      0.96971     
310          550          0.97504      0.00158      1.18505      0.70073      0.94333      1.93109      0.35755      0.97184     
310          600          0.97465      0.00172      1.18471      0.69926      0.94335      1.93149      0.35709      0.97043     
310          650          0.97422      0.00167      1.18472      0.70025      0.94347      1.93082      0.35766      0.97074     
310          700          0.97286      0.00154      1.18518      0.69825      0.94345      1.93085      0.35603      0.97080     
320          300          0.97484      0.00154      1.18626      0.70356      0.94286      1.93110      0.36145      0.97035     
320          350          0.97595      0.00163      1.18471      0.70435      0.94298      1.93138      0.36082      0.97140     
320          400          0.97529      0.00152      1.18450      0.70424      0.94340      1.93072      0.36161      0.96997     
320          450          0.97163      0.00131      1.18504      0.70220      0.94359      1.93070      0.36001      0.97021     
320          500          0.97186      0.00158      1.18554      0.70055      0.94347      1.93095      0.36065      0.96736     
320          550          0.97130      0.00145      1.18556      0.69921      0.94357      1.93077      0.35968      0.96701     
320          600          0.97062      0.00142      1.18477      0.69949      0.94381      1.93055      0.36014      0.96620     
320          650          0.96818      0.00158      1.18490      0.69864      0.94406      1.93015      0.35937      0.96635     
320          700          0.96774      0.00157      1.18530      0.69755      0.94382      1.93048      0.35920      0.96533     
330          300          0.97389      0.00176      1.18514      0.70396      0.94307      1.93149      0.36235      0.96903     
330          350          0.97181      0.00183      1.18561      0.70287      0.94356      1.93066      0.36214      0.96832     
330          400          0.96542      0.00145      1.18599      0.70130      0.94384      1.93026      0.36383      0.96398     
330          450          0.97210      0.00175      1.18577      0.70153      0.94334      1.93116      0.36270      0.96577     
330          500          0.96490      0.00185      1.18756      0.69779      0.94375      1.93039      0.36311      0.96150     
330          550          0.96848      0.00180      1.18615      0.69917      0.94412      1.93024      0.36105      0.96567     
330          600          0.96472      0.00163      1.18648      0.69723      0.94429      1.92960      0.36179      0.96199     
330          650          0.96917      0.00159      1.18551      0.69873      0.94419      1.93025      0.36132      0.96422     
330          700          0.96644      0.00154      1.18655      0.69622      0.94389      1.93041      0.36100      0.96185     
340          300          0.96802      0.00138      1.18660      0.70268      0.94370      1.93049      0.36536      0.96403     
340          350          0.96827      0.00148      1.18729      0.70158      0.94353      1.93075      0.36497      0.96364     
340          400          0.96562      0.00158      1.18762      0.70018      0.94361      1.93065      0.36555      0.96112     
340          450          0.96508      0.00131      1.18687      0.69961      0.94373      1.93098      0.36466      0.96137     
340          500          0.96525      0.00177      1.18729      0.69915      0.94441      1.92986      0.36319      0.96344     
340          550          0.96347      0.00134      1.18758      0.69819      0.94407      1.93042      0.36406      0.96096     
340          600          0.96187      0.00168      1.18799      0.69584      0.94421      1.93031      0.36404      0.95818     
340          650          0.96076      0.00144      1.18799      0.69610      0.94463      1.92945      0.36340      0.95949     
340          700          0.96086      0.00133      1.18777      0.69481      0.94416      1.93056      0.36358      0.95735     
350          300          0.96434      0.00169      1.18775      0.70115      0.94436      1.92972      0.36729      0.96023     
350          350          0.96268      0.00168      1.18890      0.69962      0.94398      1.93040      0.36576      0.96133     
350          400          0.96258      0.00143      1.19010      0.69847      0.94388      1.93061      0.36633      0.95985     
350          450          0.95872      0.00145      1.18964      0.69671      0.94450      1.92984      0.36757      0.95543     
350          500          0.95997      0.00155      1.18868      0.69695      0.94433      1.93031      0.36684      0.95616     
350          550          0.95948      0.00162      1.18862      0.69589      0.94434      1.93048      0.36621      0.95570     
350          600          0.95803      0.00156      1.18929      0.69411      0.94476      1.92958      0.36486      0.95581     
350          650          0.95759      0.00174      1.18897      0.69342      0.94488      1.92928      0.36634      0.95234     
350          700          0.95634      0.00186      1.19002      0.69210      0.94479      1.92946      0.36579      0.95220     
