

------ SIMULAZIONE DEL 24/03/2026 ALLE ORE 18:59 ------
=== PARAMETRI DI SIMULAZIONE ===
Pres [Atm]   moltiplicatore  PERC_water   Arricch. MAX Arricch.min T_WATER [K]  T_FUEL [K]   K_max        std_k_max    K_auto       std_k_auto   Compatibilità
1            1.000           0.15         15.547       1            350          600          0.97547      0.00020      0.97472      0.00014      3.05915     
1            1.000           0.15         12.688       2            350          600          0.97547      0.00020      0.97441      0.00012      4.56073     
1            1.000           0.15         10.438       3            350          600          0.97547      0.00020      0.97508      0.00013      1.64520     
1            1.000           0.15         8.500        4            350          600          0.97547      0.00020      0.97637      0.00014      3.73054     
1            1.000           0.15         6.641        5            350          600          0.97547      0.00020      0.97585      0.00015      1.51547     
1            1.000           0.15         6.000        6            350          600          0.97547      0.00020      0.98537      0.00013      41.20000    
1            1.000           0.15         7.000        7            350          600          0.97547      0.00020      1.00768      0.00014      132.36303   
