

------ SIMULAZIONE DEL 21/04/2026 ALLE ORE 18:20 ------
=== PARAMETRI DI SIMULAZIONE ===
intensità sorgente: 2.02e+17 fotoni/s
Target (R, H, Pos): 2.0, 10.0, 40.0 cm
Settings: 120 batches, 500000 particles, 10 inactive batches
================================

Pres [Pa]    PITCH [cm]   PERC_water   Arricch_INT     Arricch_EXT     T_WATER [K]  T_FUEL [K]   K_AUTO       STD_DEV     K_MAX        STD_DEV     Compatibilità


------ SIMULAZIONE DEL 21/04/2026 ALLE ORE 18:23 ------
=== PARAMETRI DI SIMULAZIONE ===
intensità sorgente: 2.02e+17 fotoni/s
Target (R, H, Pos): 2.0, 10.0, 40.0 cm
Settings: 120 batches, 500000 particles, 10 inactive batches
================================

Pres [Pa]    PITCH [cm]   PERC_water   Arricch_INT     Arricch_EXT     T_WATER [K]  T_FUEL [K]   K_AUTO       STD_DEV     K_MAX        STD_DEV     Compatibilità
101325.0    14.203      0.15        100.00         5              350          600          1.06016      0.00015     0.98942     0.00041     161.98264   
101325.0    14.203      0.15        0.00           5              350          600          0.50503      0.00012     0.98942     0.00041     1137.51019  
101325.0    14.203      0.15        87.26          5              350          600          1.04957      0.00016     0.98942     0.00041     136.38236   
101325.0    14.203      0.15        66.46          5              350          600          1.02679      0.00017     0.98942     0.00041     84.16283    
101325.0    14.203      0.15        56.13          5              350          600          1.01031      0.00015     0.98942     0.00041     47.97635    
101325.0    14.203      0.15        51.21          5              350          600          1.00102      0.00017     0.98942     0.00041     26.12988    
101325.0    14.203      0.15        48.69          5              350          600          0.99607      0.00016     0.98942     0.00041     15.09683    
101325.0    14.203      0.15        47.29          5              350          600          0.99269      0.00016     0.98942     0.00041     7.39571     
101325.0    14.203      0.15        46.64          5              350          600          0.99147      0.00016     0.98942     0.00041     4.65703     
101325.0    14.203      0.15        46.21          5              350          600          0.99030      0.00015     0.98942     0.00041     2.02514     


------ SIMULAZIONE DEL 21/04/2026 ALLE ORE 20:45 ------
=== PARAMETRI DI SIMULAZIONE ===
intensità sorgente: 2.02e+17 fotoni/s
Target (R, H, Pos): 2.0, 10.0, 40.0 cm
Settings: 120 batches, 500000 particles, 10 inactive batches
================================

Pres [Pa]    PITCH [cm]   PERC_water   Arricch_INT     Arricch_EXT     T_WATER [K]  T_FUEL [K]   K_AUTO       STD_DEV     K_MAX        STD_DEV     Compatibilità
101325.0    14.203      0.15        50.00          8              350          600          1.00620      0.00015     0.98942     0.00041     38.29817    
101325.0    14.203      0.15        1.00           8              350          600          0.64501      0.00011     0.98942     0.00041     809.84451   
101325.0    14.203      0.15        47.72          8              350          600          1.00130      0.00017     0.98942     0.00041     26.78478    
101325.0    14.203      0.15        44.80          8              350          600          0.99508      0.00015     0.98942     0.00041     12.98396    
101325.0    14.203      0.15        43.43          8              350          600          0.99197      0.00016     0.98942     0.00041     5.77233     
101325.0    14.203      0.15        42.84          8              350          600          0.99036      0.00015     0.98942     0.00041     2.14774     
101325.0    14.203      0.15        42.63          8              350          600          0.99045      0.00014     0.98942     0.00041     2.36759     


------ SIMULAZIONE DEL 21/04/2026 ALLE ORE 22:32 ------
=== PARAMETRI DI SIMULAZIONE ===
intensità sorgente: 2.02e+17 fotoni/s
Target (R, H, Pos): 2.0, 10.0, 40.0 cm
Settings: 120 batches, 500000 particles, 10 inactive batches
================================

Pres [Pa]    PITCH [cm]   PERC_water   Arricch_INT     Arricch_EXT     T_WATER [K]  T_FUEL [K]   K_AUTO       STD_DEV     K_MAX        STD_DEV     Compatibilità
101325.0    14.203      0.15        42.84          11             350          600          0.99853      0.00015     0.98942     0.00041     20.92390    
101325.0    14.203      0.15        0.00           11             350          600          0.70660      0.00013     0.98942     0.00041     657.93480   
101325.0    14.203      0.15        41.50          11             350          600          0.99559      0.00015     0.98942     0.00041     14.16184    
101325.0    14.203      0.15        39.89          11             350          600          0.99176      0.00016     0.98942     0.00041     5.30759     
101325.0    14.203      0.15        39.30          11             350          600          0.99009      0.00015     0.98942     0.00041     1.55141     
101325.0    14.203      0.15        39.15          11             350          600          0.98981      0.00017     0.98942     0.00041     0.87791     
101325.0    14.203      0.15        39.15          14             350          600          0.99767      0.00018     0.98942     0.00041     18.45680    
101325.0    14.203      0.15        0.00           14             350          600          0.76325      0.00013     0.98942     0.00041     527.32031   
101325.0    14.203      0.15        37.77          14             350          600          0.99437      0.00016     0.98942     0.00041     11.25273    
101325.0    14.203      0.15        36.42          14             350          600          0.99117      0.00015     0.98942     0.00041     4.02099     
101325.0    14.203      0.15        35.95          14             350          600          0.98990      0.00019     0.98942     0.00041     1.06338     
101325.0    14.203      0.15        35.95          17             350          600          0.99795      0.00015     0.98942     0.00041     19.52405    
101325.0    14.203      0.15        0.00           17             350          600          0.80571      0.00015     0.98942     0.00041     420.75928   
101325.0    14.203      0.15        34.35          17             350          600          0.99383      0.00015     0.98942     0.00041     10.12686    
101325.0    14.203      0.15        33.12          17             350          600          0.99078      0.00015     0.98942     0.00041     3.11281     
101325.0    14.203      0.15        32.73          17             350          600          0.98978      0.00017     0.98942     0.00041     0.80536     
101325.0    14.203      0.15        32.73          20             350          600          0.99770      0.00017     0.98942     0.00041     18.65264    
101325.0    14.203      0.15        0.00           20             350          600          0.83892      0.00013     0.98942     0.00041     350.50680   
101325.0    14.203      0.15        31.03          20             350          600          0.99330      0.00014     0.98942     0.00041     8.93871     
101325.0    14.203      0.15        29.89          20             350          600          0.99052      0.00017     0.98942     0.00041     2.48454     
101325.0    14.203      0.15        29.56          20             350          600          0.98991      0.00015     0.98942     0.00041     1.13159     
101325.0    14.203      0.15        29.56          23             350          600          0.99754      0.00015     0.98942     0.00041     18.54345    
101325.0    14.203      0.15        0.00           23             350          600          0.86580      0.00013     0.98942     0.00041     286.82811   
101325.0    14.203      0.15        27.73          23             350          600          0.99268      0.00014     0.98942     0.00041     7.53193     
101325.0    14.203      0.15        26.76          23             350          600          0.99055      0.00016     0.98942     0.00041     2.56892     
101325.0    14.203      0.15        26.38          23             350          600          0.98921      0.00015     0.98942     0.00041     0.48500     
101325.0    14.203      0.15        26.38          26             350          600          0.99678      0.00015     0.98942     0.00041     16.81875    
101325.0    14.203      0.15        0.00           26             350          600          0.88808      0.00013     0.98942     0.00041     235.71456   
101325.0    14.203      0.15        24.60          26             350          600          0.99264      0.00015     0.98942     0.00041     7.36658     
101325.0    14.203      0.15        23.52          26             350          600          0.98976      0.00015     0.98942     0.00041     0.77883     
101325.0    14.203      0.15        23.52          29             350          600          0.99734      0.00017     0.98942     0.00041     17.81416    
101325.0    14.203      0.15        0.00           29             350          600          0.90621      0.00014     0.98942     0.00041     192.34262   
101325.0    14.203      0.15        21.47          29             350          600          0.99231      0.00015     0.98942     0.00041     6.60667     
101325.0    14.203      0.15        20.51          29             350          600          0.98946      0.00016     0.98942     0.00041     0.08692     
101325.0    14.203      0.15        20.51          32             350          600          0.99704      0.00014     0.98942     0.00041     17.61030    
101325.0    14.203      0.15        0.00           32             350          600          0.92232      0.00014     0.98942     0.00041     155.08983   
101325.0    14.203      0.15        18.42          32             350          600          0.99176      0.00015     0.98942     0.00041     5.38255     
101325.0    14.203      0.15        17.64          32             350          600          0.98942      0.00015     0.98942     0.00041     0.00089     
101325.0    14.203      0.15        17.64          35             350          600          0.99690      0.00015     0.98942     0.00041     17.10927    
101325.0    14.203      0.15        17.64          35             350          600          0.99677      0.00013     0.98942     0.00041     17.05444    
101325.0    14.203      0.15        0.00           35             350          600          0.93610      0.00015     0.98942     0.00041     122.05499   
101325.0    14.203      0.15        15.50          35             350          600          0.99157      0.00013     0.98942     0.00041     4.98832     
101325.0    14.203      0.15        14.75          35             350          600          0.98916      0.00015     0.98942     0.00041     0.58415     
101325.0    14.203      0.15        14.75          38             350          600          0.99637      0.00014     0.98942     0.00041     15.99926    
101325.0    14.203      0.15        0.00           38             350          600          0.94819      0.00015     0.98942     0.00041     94.57658    
101325.0    14.203      0.15        12.62          38             350          600          0.99069      0.00016     0.98942     0.00041     2.88623     
101325.0    14.203      0.15        12.19          38             350          600          0.98987      0.00015     0.98942     0.00041     1.03356     
