------ SIMULAZIONE DEL 05/03/2026 ALLE ORE 15:06 ------
=== PARAMETRI DI SIMULAZIONE ===
Arricchimento: 0.05
RAGGGIO CORE: 4 cm
REFLECTOR SIDE: 10.0 cm
REFLECTOR BOTTOM: 15.0 cm
H_CORE: 80.0 cm
mix acqua: 0.15
R_PIPE (Soglia): 5 cm
Geometria PIN (R_FUEL, CLAD, R_WATER): 0.5, 0.05, 1.5 cm
PITCH: 3.55070 cm
Target (R, H, Pos): 2, 10.0, 40.0 cm
Settings: 5 batches, 10000 particles, 0 inactive batches
================================

=== RISULTATI FORMULA DEI 4 FATTORI ===
T_water,    T_fuel ,    epsilon,         p,         f,              eta, Leakage_Fraction, k_inf_analytical, k_inf_leakage
300          300          1.65654      0.52851      0.80697      2.15217      0.91916      1.35645      0.10966     
300          350          1.64490      0.52287      0.80464      2.16186      0.92048      1.36522      0.10856     
300          400          1.62991      0.51808      0.80119      2.17600      0.92038      1.36942      0.10903     
300          450          1.66194      0.53159      0.80210      2.16544      0.92182      1.35213      0.10571     
300          500          1.63544      0.52694      0.80628      2.16306      0.92100      1.34929      0.10659     
300          550          1.62781      0.51732      0.80393      2.17365      0.92018      1.37301      0.10959     
300          600          1.64544      0.53919      0.79140      2.20883      0.91660      1.32545      0.11054     
300          650          1.62546      0.52601      0.80501      2.17933      0.91856      1.35167      0.11008     
300          700          1.60378      0.51946      0.80621      2.17356      0.91898      1.35049      0.10942     
310          300          1.62801      0.51692      0.79197      2.20061      0.92044      1.37064      0.10905     
310          350          1.65931      0.53322      0.81331      2.14166      0.92052      1.34910      0.10723     
310          400          1.65073      0.52808      0.79450      2.19123      0.92214      1.35621      0.10559     
310          450          1.65542      0.53394      0.79673      2.19233      0.92132      1.34761      0.10603     
310          500          1.65059      0.53101      0.79539      2.19922      0.92100      1.35411      0.10697     
310          550          1.65180      0.53235      0.80328      2.17140      0.91900      1.34736      0.10914     
310          600          1.62567      0.52185      0.80281      2.18472      0.92208      1.36335      0.10623     
310          650          1.64011      0.52760      0.80009      2.19186      0.92168      1.35872      0.10641     
310          700          1.65865      0.54157      0.81745      2.13909      0.92190      1.32958      0.10384     
320          300          1.64307      0.52295      0.78465      2.21631      0.92020      1.36309      0.10877     
320          350          1.60439      0.51519      0.80293      2.17576      0.91998      1.35884      0.10873     
320          400          1.63641      0.52914      0.80037      2.17625      0.92240      1.34210      0.10415     
320          450          1.63613      0.52783      0.80451      2.17231      0.91932      1.35009      0.10893     
320          500          1.65495      0.53565      0.78985      2.21071      0.92128      1.34185      0.10563     
320          550          1.62339      0.52904      0.80678      2.16970      0.91760      1.33833      0.11028     
320          600          1.64199      0.53259      0.80817      2.16117      0.91782      1.34047      0.11016     
320          650          1.64283      0.53785      0.81985      2.14100      0.91780      1.33269      0.10955     
320          700          1.64343      0.53502      0.80108      2.17825      0.92008      1.33342      0.10657     
330          300          1.66014      0.53087      0.80035      2.17434      0.92238      1.35533      0.10520     
330          350          1.63164      0.53382      0.80418      2.16978      0.92102      1.32724      0.10483     
330          400          1.65932      0.53932      0.80823      2.15237      0.92338      1.32979      0.10189     
330          450          1.62861      0.52195      0.80392      2.17199      0.92238      1.35946      0.10552     
330          500          1.64424      0.53450      0.78952      2.21062      0.92168      1.33586      0.10462     
330          550          1.64358      0.52972      0.80654      2.16854      0.92154      1.35190      0.10607     
330          600          1.66557      0.53347      0.79528      2.19907      0.92018      1.35893      0.10847     
330          650          1.65362      0.53691      0.80373      2.17465      0.92354      1.33844      0.10234     
330          700          1.65228      0.54114      0.80310      2.17967      0.92102      1.32716      0.10482     
340          300          1.64114      0.52323      0.79459      2.19515      0.92390      1.36478      0.10386     
340          350          1.64279      0.52382      0.79486      2.20094      0.92206      1.36852      0.10666     
340          400          1.64323      0.52791      0.80308      2.17838      0.92358      1.35710      0.10371     
340          450          1.69486      0.54618      0.80098      2.17816      0.92210      1.34192      0.10454     
340          500          1.61598      0.51939      0.80137      2.18906      0.92256      1.36244      0.10551     
340          550          1.64103      0.52943      0.80147      2.17949      0.92020      1.34892      0.10764     
340          600          1.65044      0.53274      0.80843      2.17036      0.91976      1.35310      0.10857     
340          650          1.68480      0.54627      0.80673      2.16743      0.92388      1.33663      0.10174     
340          700          1.65583      0.53673      0.79971      2.18679      0.92322      1.34150      0.10300     
350          300          1.67330      0.53144      0.79001      2.20109      0.92300      1.36336      0.10498     
350          350          1.69078      0.53794      0.79513      2.18362      0.92540      1.35644      0.10119     
350          400          1.64741      0.53207      0.81074      2.15639      0.92200      1.34771      0.10512     
350          450          1.67247      0.53642      0.80496      2.16360      0.92182      1.35030      0.10557     
350          500          1.66355      0.53601      0.80209      2.17545      0.92224      1.34684      0.10473     
350          550          1.67509      0.54031      0.78832      2.21801      0.92092      1.34638      0.10647     
350          600          1.67145      0.54368      0.79349      2.21130      0.92274      1.33829      0.10340     
350          650          1.68494      0.55041      0.80394      2.17347      0.92296      1.32366      0.10198     
350          700          1.65231      0.53588      0.78962      2.22334      0.92006      1.34632      0.10763     
